# Propagator = cross power / initial power /(Gf*b) 
# Gf = 0.61207 
# b=1.4 
# 
# k 	 	 	 Propagator (mu=0.05) 	 Propagator (mu=0.95)
0.000000000000000000e+00 nan nan
6.283185444772243500e-03 1.102325249700037313e+00 8.459603478553687772e-01
1.256637088954448700e-02 9.425926817359645549e-01 7.903042791590509930e-01
1.966525241732597351e-02 1.027553005202491043e+00 9.388970063649498821e-01
2.083896659314632416e-02 1.042490685515727655e+00 1.067741927573229832e+00
2.615409799747996783e-02 1.034483285145114229e+00 1.020306178778485728e+00
3.337243713793300315e-02 1.027257442579446955e+00 9.713987025197985403e-01
3.880443309362117954e-02 9.983729778937304733e-01 1.052610812516520999e+00
4.236900824166479895e-02 9.913547217409950374e-01 9.668106453671950762e-01
4.712833410927227268e-02 9.880076530623206343e-01 9.754824245752486966e-01
5.249325669295078906e-02 9.730666528404710025e-01 1.001399973053862302e+00
5.793494871921009426e-02 9.729319259235944539e-01 9.392132730167173094e-01
6.273677498102188388e-02 9.544131582862688257e-01 9.886650882127611117e-01
6.751902166165803243e-02 9.641412744847608352e-01 9.400065827092169979e-01
7.253747781117757254e-02 9.525888874728229982e-01 9.260137125733582941e-01
7.742520265373183108e-02 9.472456171081683474e-01 9.688093520115047541e-01
8.265626833719365296e-02 1.000416756005691354e+00 9.142541038034107670e-01
8.799044104273785749e-02 9.346425931575534918e-01 9.497492287478067619e-01
9.246685121501430071e-02 9.240140350010828119e-01 9.701576518565702134e-01
9.705377946938237299e-02 9.238472402398673067e-01 9.453475866791695159e-01
1.025626622390427012e-01 9.627277589065188490e-01 9.151801377799241299e-01
1.078756042074837107e-01 9.251040939832545495e-01 9.274498774925826750e-01
1.126498889503062956e-01 9.023100477195260538e-01 9.293656061040684868e-01
1.174311258295584054e-01 9.134925326734618656e-01 9.178099102477785820e-01
1.224265294149518013e-01 9.176399678009565797e-01 9.204952142892539602e-01
1.274705401188890586e-01 9.069556712531343656e-01 8.882412365957871314e-01
1.325767932299575236e-01 8.892831224432944381e-01 8.930016651124741411e-01
1.377046334500215408e-01 8.852097277943545839e-01 9.117263912062444353e-01
1.425797256916889189e-01 8.752470213650112019e-01 8.974643841997910210e-01
1.473307137338208395e-01 8.996306234477928765e-01 8.982064638680824498e-01
1.524089232036278108e-01 8.976095602457005995e-01 8.921849389077830539e-01
1.575936262424175449e-01 8.497560545336488858e-01 8.694081430381122022e-01
1.625684273167739557e-01 8.775208224299477777e-01 8.775095650667193992e-01
1.673352439543579206e-01 8.538968587309363478e-01 8.536706991278331103e-01
1.724435356781654771e-01 8.243240432096567982e-01 8.758110401895059516e-01
1.775138082747495516e-01 8.639173642864289571e-01 8.437651614026936420e-01
1.824936165467842542e-01 8.250734909999167810e-01 8.324891253164552474e-01
1.876230745866734606e-01 8.229394814101054223e-01 8.270153821250358916e-01
1.926019267409309899e-01 8.259967213724115354e-01 8.258735737464391047e-01
1.974749358892440854e-01 8.231146499664336869e-01 7.871730522249512640e-01
2.025059394667107493e-01 8.180984888605121741e-01 7.991566365291361551e-01
2.076213928450525437e-01 7.894934398272708265e-01 7.918013718927167099e-01
2.126848777117378297e-01 7.663511473767374849e-01 8.129090687926823211e-01
2.173658659764095835e-01 8.150963507047612744e-01 7.562892283102364832e-01
2.223124144980626049e-01 7.606290292738254744e-01 7.581728652541475100e-01
2.275980139083235709e-01 7.736896318498043268e-01 7.786859439103824831e-01
2.326984049010097644e-01 7.295332343315255041e-01 7.688075160220113613e-01
2.375650852918624878e-01 7.439576348138641215e-01 7.338012611113118311e-01
2.424471662879663647e-01 7.526456763707902731e-01 7.199368069310211338e-01
2.474402878312357557e-01 7.299283508692471223e-01 7.184032494704121197e-01
2.524844791311205983e-01 7.275617520986968900e-01 7.144317906325858836e-01
2.575087911793679796e-01 6.922087105350832603e-01 7.124937514590995447e-01
2.625372643277745777e-01 6.923165282462558912e-01 7.204611211700769902e-01
2.674488866967814071e-01 7.162475597692425922e-01 7.090608520348615773e-01
2.724593739789928915e-01 6.829017218780260023e-01 6.949207374867882869e-01
2.775641303955593275e-01 6.947070463369519056e-01 6.717758620907733347e-01
2.826432385118166080e-01 6.827365859859388930e-01 6.599738746338639217e-01
2.875503792569830130e-01 6.566800687935435699e-01 6.611498290280042323e-01
2.923732014067137452e-01 6.648181110542099592e-01 6.591059137487429442e-01
2.974952666855347760e-01 6.640148244970832669e-01 6.364169095891683003e-01
3.025732013669680809e-01 6.469288442285225926e-01 6.346827274401396490e-01
3.075143514540406020e-01 6.205587526285920585e-01 6.322797529904470304e-01
3.124966426471657011e-01 5.918117438168004618e-01 6.269458920608542707e-01
3.174072768953111190e-01 6.053651383459180968e-01 6.225893602220282652e-01
3.224348160175661282e-01 6.148207243383524423e-01 5.956182536532527161e-01
3.275598108276601694e-01 5.879343011635939087e-01 5.986068450461174972e-01
3.325990246228963110e-01 5.581937251150074220e-01 5.709477982987574141e-01
3.375370221613464561e-01 5.771427011127298057e-01 5.894602318347956782e-01
3.423908650875091553e-01 5.687735969793996649e-01 5.458500997245461228e-01
3.475243191869839543e-01 5.424743492836812120e-01 5.410954943346022450e-01
3.526204999699686371e-01 5.627988060734191444e-01 5.411233569453339776e-01
3.575124336588222929e-01 5.323206090378929112e-01 5.304213474445627075e-01
3.624529507249891758e-01 5.286240974170495210e-01 5.294961937813176256e-01
3.675498033998199077e-01 5.279151046982403228e-01 5.151979858647853794e-01
3.725565723788115124e-01 4.907538098516370795e-01 5.212136651383852959e-01
3.775251786629579276e-01 5.158386761404987197e-01 4.864273447593336908e-01
3.825444652793112965e-01 5.158023104133552250e-01 5.108429702871529754e-01
3.875508754889763208e-01 4.867410488318821837e-01 4.832064158125765618e-01
3.924682142798170958e-01 4.728250446638389004e-01 4.938148789658755033e-01
3.974941700298004754e-01 4.569282790281439244e-01 4.740647829964907412e-01
4.025866373866981984e-01 4.554530034587627174e-01 4.466748277522748500e-01
4.075887755798262013e-01 4.499199190053094211e-01 4.467692964682857260e-01
4.124387292400701899e-01 4.266185542194073088e-01 4.368730312409912497e-01
4.174253062056980657e-01 4.332052781739095249e-01 4.326922047753374301e-01
4.225546355249569785e-01 4.229411073457322034e-01 4.196365282329635460e-01
4.275452816423644387e-01 4.182909794212833487e-01 4.080365421907787282e-01
4.324870259514822513e-01 3.900908870578479459e-01 3.964235802693458766e-01
4.374941021952427067e-01 3.963393040544324064e-01 4.011278387489082276e-01
4.424580192915391619e-01 3.814966469751610578e-01 3.898885317743834289e-01
4.474873585360391037e-01 3.684236074015546092e-01 3.952983788326100978e-01
4.525427790726901378e-01 3.902887851030146793e-01 3.751645414123496725e-01
4.575593464439344782e-01 3.692892950285741605e-01 3.669425670924507665e-01
4.625082838588746026e-01 3.437454382035009526e-01 3.625823777535150394e-01
4.674851712490562528e-01 3.369171114514070142e-01 3.505674057869789806e-01
4.725601238591832232e-01 3.500201054593198857e-01 3.363405969512137106e-01
4.775950511331215620e-01 3.273039177608601524e-01 3.087236556586419600e-01
4.825206461098862643e-01 3.109173194088765135e-01 3.296855766767269880e-01
4.874402719946088758e-01 3.025984783169436421e-01 2.940933658022670261e-01
4.925200592223242801e-01 3.137572849930332364e-01 3.069286015803346923e-01
4.975365839949369429e-01 3.078244774959980612e-01 3.011193947244160118e-01
5.025037984965704529e-01 2.875140732348037687e-01 2.840961631702629830e-01
5.075572147114322252e-01 2.910060392753598957e-01 2.794816769462486472e-01
5.125228407051584112e-01 2.844930774018217257e-01 2.751737092131030793e-01
5.174458511383320802e-01 2.570799892864702452e-01 2.822924249169964095e-01
5.224853814923644535e-01 2.659485271232260306e-01 2.532517599187105173e-01
5.275609551402401509e-01 2.510485697023556173e-01 2.467583631051820381e-01
5.325420008272679917e-01 2.477398064945466882e-01 2.451183091295707772e-01
5.374675898959762055e-01 2.322883689837233756e-01 2.411464512086740064e-01
5.425177179641491598e-01 2.178115309017385759e-01 2.420209706772864511e-01
5.475863309874955398e-01 2.224753562963287523e-01 2.178995583118940038e-01
5.525582752687024923e-01 2.124848832431128764e-01 2.123565303389140790e-01
5.574804428102063669e-01 2.105160694024293122e-01 2.226783383186143328e-01
5.625139044293676616e-01 2.013113459616989176e-01 2.144083642140698076e-01
5.675041312924480330e-01 1.998502493128219704e-01 2.090186699719474017e-01
5.724970027042484144e-01 1.851426423070734184e-01 1.994440741895343594e-01
5.775357342201695721e-01 1.878418257619104692e-01 1.978272470344646650e-01
5.824921194047679718e-01 1.972982865978389344e-01 1.854364891111261460e-01
5.873923130614447929e-01 1.599070421679620602e-01 1.717501690719228091e-01
5.924653629231656504e-01 1.730293237913817783e-01 1.682154214613001686e-01
5.975679196835719242e-01 1.732092286914502510e-01 1.518986421014357213e-01
6.025605786437938649e-01 1.694809601714547254e-01 1.659172555678368188e-01
6.074636804380586508e-01 1.579708448275135568e-01 1.576978217105060864e-01
6.124551004112357422e-01 1.454277553957200042e-01 1.616918708084087442e-01
6.175199954051294737e-01 1.420139165270242199e-01 1.512349075376969720e-01
6.224915962426643690e-01 1.364581280077632186e-01 1.486483332933538071e-01
6.274915557171136804e-01 1.311330870078086241e-01 1.331014410678580395e-01
6.325034887796818772e-01 1.303264923920936513e-01 1.281992495155756528e-01
6.374674518004223023e-01 1.220670357741319989e-01 1.229755659861807432e-01
6.424993050208196443e-01 1.241763627850861473e-01 1.157351862957419486e-01
6.475698107053261543e-01 1.096154251935737012e-01 1.163574693317846465e-01
6.525659580633673684e-01 1.070871437746882676e-01 1.079556042565454066e-01
6.574593256037588596e-01 1.077621956865646852e-01 1.112579869275982930e-01
6.624271988612899786e-01 9.495007312384669274e-02 1.064336509266478742e-01
6.675417019271585595e-01 9.107910703698461619e-02 8.377712659004531159e-02
6.725772533782964357e-01 9.129035261947862634e-02 8.588436681082498025e-02
6.774730984886959684e-01 9.530482853360404405e-02 9.110694436273253372e-02
6.824530178335233011e-01 8.777325341811166581e-02 8.767170582944103230e-02
6.875280661592433340e-01 7.870753988460532646e-02 8.715865293087605992e-02
6.925230179389753049e-01 7.812071076237839251e-02 7.575237565182109389e-02
6.975295769925410339e-01 8.211667516177588444e-02 7.523863499486002637e-02
7.025568770724331946e-01 6.405320089895610858e-02 7.723004865730068169e-02
7.074922850739089331e-01 7.283336763608287689e-02 7.348406706093107976e-02
7.124622482418867531e-01 5.833791818812979202e-02 6.754064684781142802e-02
7.175452271531412851e-01 6.373803699812150003e-02 5.215994224691559294e-02
7.225717784613484573e-01 5.600947405589194045e-02 6.652405746317978374e-02
7.275089624579016423e-01 6.577095378051411867e-02 6.940544102841383900e-02
7.324600466513193631e-01 5.683695142966974784e-02 5.225110039583566457e-02
7.375197398421006190e-01 5.148958372617320339e-02 5.178469340870150289e-02
7.425451223097148112e-01 4.547193688588285765e-02 4.737648647209588559e-02
7.474842697394677993e-01 4.997360119595294775e-02 4.681440582919261378e-02
7.524852851764070039e-01 4.174514457138396584e-02 4.207452634804619007e-02
7.575207617909872626e-01 3.837328978845996885e-02 3.457690575169498903e-02
7.624899512647149713e-01 3.713713102388056103e-02 5.553473413413938242e-02
7.674945370763794905e-01 3.691998487190481515e-02 3.303737681266648990e-02
7.725794383408772781e-01 4.118793043540164983e-02 4.440630757119169714e-02
7.775418725495999439e-01 3.738809894111685961e-02 3.179096980294707220e-02
7.824517841248074257e-01 3.010653317593925404e-02 3.191172091893929724e-02
7.874633419998022799e-01 3.096293533689622665e-02 3.746767081797569565e-02
7.925074945210605071e-01 2.958258894831264016e-02 3.012064409106869622e-02
7.975320939675887288e-01 2.093867814148461792e-02 2.577193705061585696e-02
8.025077203392373404e-01 2.721209136554680538e-02 2.255954546665219981e-02
8.075165978041417558e-01 2.377509474368892303e-02 2.956123562926635945e-02
8.125398262220836498e-01 2.306394689026900618e-02 2.689327736991134130e-02
8.174920854857439245e-01 1.982956716440810799e-02 2.148774851640151279e-02
8.225112352578536346e-01 2.546852482362083753e-02 1.266294425367750845e-02
8.275561555342915154e-01 1.519007003424668531e-02 1.937402880724379065e-02
8.324952800697255073e-01 1.695309388983197441e-02 1.569088155380334720e-02
8.374585586194417397e-01 2.352735598866821654e-02 2.164493030016336611e-02
8.425409302494435426e-01 1.631112656912507564e-02 1.195079393684209644e-02
8.475526048196360129e-01 1.705659546503209348e-02 1.520308322419295852e-02
8.524865202798559416e-01 7.120441532598999548e-03 1.558987275796751108e-02
8.574810042038077951e-01 1.419338498147522040e-02 5.343797136942660293e-03
8.625274263089646176e-01 1.321817525943526535e-02 1.329811701166872147e-02
8.675245284508311672e-01 1.226535633771944772e-02 1.541077299829770805e-02
8.724893182407091885e-01 4.853843461768696244e-03 1.324408746875008897e-02
8.774721006880088492e-01 9.752531620637810289e-03 1.762173712792930447e-02
8.824781156447413233e-01 1.052349970451263786e-02 1.150893815294880100e-02
8.874595540954569595e-01 1.127212163628654035e-02 1.221108358400767140e-02
8.924946553517479897e-01 5.486390945837303287e-03 8.796552143299399273e-03
8.975478380653373334e-01 1.169268349884186597e-02 9.353520903660145561e-03
9.025072192470299237e-01 3.642513689272558301e-03 1.212811107554563443e-02
9.074647804047671906e-01 8.071250762184964747e-03 4.671621076088235472e-03
9.125276216389043293e-01 8.226790604586823197e-05 1.030421216652293442e-02
9.175654489314823969e-01 6.926615991238256088e-03 4.883134361229307663e-03
9.225040210196280288e-01 5.041913716698705021e-03 9.275588150546942509e-03
9.274649349345547300e-01 4.596054715878456799e-03 6.794953213043737443e-03
9.324868719712484655e-01 1.754943998072668694e-03 3.626248189940761788e-03
9.375016110539382552e-01 6.185273097274511175e-03 1.891434480174203564e-03
9.424716917071948030e-01 9.610728098979429493e-03 -5.144067637336269261e-04
9.474990761212710444e-01 5.039739962814952443e-03 3.521146777758179212e-03
9.525075911681692986e-01 2.563974010282831124e-03 -7.203564176629300786e-04
9.574675710595634825e-01 3.866308799344510445e-03 3.619040109239312925e-03
9.624903057428336739e-01 -1.152777736688068632e-03 2.964030755023184041e-03
9.675364381832723959e-01 -2.052330695551856776e-03 1.297548499351272588e-02
9.724990590816093849e-01 1.912426767306996589e-04 2.697232009832369656e-03
9.774623181229004087e-01 3.895909100406600052e-03 -1.120859080556264143e-04
9.824997772572167110e-01 8.870801651725775117e-03 2.946262026311933808e-03
9.875545656100468417e-01 4.662266801256044133e-03 1.683761324120754306e-03
9.925346890080131157e-01 3.026234354160407640e-03 2.128422480399254786e-05
9.975070331244173527e-01 4.182899187720535636e-03 5.476443982864070623e-03
1.002498770764472802e+00 2.247863679136514505e-03 2.913135869307497371e-03
1.007506200378980088e+00 2.396204081568955886e-03 3.647942064595990821e-03
1.012495559833831660e+00 3.127192093384184492e-03 1.444340944111408963e-03
1.017503908866539408e+00 2.389903684745989590e-03 5.810693948267930779e-03
1.022514394396538462e+00 5.840524868950226593e-03 5.668798270439159414e-04
1.027473577884819855e+00 6.253864981365866646e-03 3.205374927257015946e-03
1.032488007762135895e+00 1.029196821061606959e-03 -6.131619404983668824e-04
1.037540910373357050e+00 5.229453992253851359e-03 -3.566066498731982042e-03
1.042524992865205613e+00 -1.793826589182819387e-03 1.689348252861965763e-03
1.047496448742833319e+00 4.820075171611281663e-04 4.644875972544957460e-03
1.052489723011072353e+00 3.998103122670656757e-04 1.674556519106241287e-03
1.057529570581920098e+00 3.562158498134083951e-04 3.562558391095468034e-03
1.062518130822190932e+00 9.573556731991492152e-04 3.015803553799836344e-03
1.067492553025169988e+00 4.553807089830958638e-03 2.223901787928766853e-03
1.072514417404221376e+00 1.280419967384188902e-03 -5.903538884628316838e-04
1.077496685713146496e+00 -2.702848501735729060e-07 1.361599820487908313e-03
1.082487844389595777e+00 -2.043842447164062430e-03 -1.630441951851400919e-03
1.087517338614010676e+00 3.855662336855954740e-03 1.369106649777265122e-03
1.092548835994813006e+00 -6.330467830848930666e-03 1.928989436327156358e-03
1.097497870010857079e+00 3.489537829649719605e-03 1.712261080539874978e-03
1.102442234435279556e+00 1.524613753767780364e-03 -2.872130752128943410e-03
1.107498110094682131e+00 -2.917873961823197557e-03 -2.067808865268118846e-03
1.112540105583508687e+00 -3.501114355215535095e-04 -2.387255553560695565e-03
1.117505892961435432e+00 2.447635581768528026e-05 3.633981218899519274e-03
1.122505655337368458e+00 2.192156605495058832e-03 -1.844563246877865825e-03
1.127503215581863394e+00 4.725153938418382230e-03 -3.643438835206886002e-03
1.132494129764635371e+00 6.470922308513383072e-04 1.683171340043485573e-03
1.137497256809587798e+00 7.055939454994677139e-03 -1.044023001168365578e-03
1.142527052399778142e+00 -3.343437876660431633e-03 2.244143458610188980e-03
1.147507445986783559e+00 4.069109208809455194e-04 -4.550253532875819622e-03
1.152458228647123883e+00 4.315817566912186036e-03 -7.750539802558387072e-05
1.157471264758792362e+00 1.098200243387902411e-03 9.380595207103776872e-04
1.162519315116649077e+00 8.896618333047454433e-04 3.639588593171164121e-03
1.167507685974803922e+00 3.291662557920691304e-03 -3.629788728678783223e-03
1.172483817401771544e+00 -1.764661268536190297e-03 4.745832976026840254e-03
1.177500953150747431e+00 3.288161278433860552e-03 1.708363496044211852e-03
1.182513264825158172e+00 1.797580921275605294e-03 1.611620392628043815e-03
1.187500052400491501e+00 5.002322903055848868e-03 -1.176656266370440128e-03
1.192500809460080191e+00 -2.793579675539713389e-04 4.664864419098192251e-03
1.197494514228965690e+00 2.872819695804416235e-03 2.541824311995298773e-03
1.202491163223595061e+00 3.434939057336003701e-03 -1.338696501845958783e-03
1.207496819733679727e+00 -5.490530871966429078e-05 2.213690362142709846e-03
1.212518833360494597e+00 3.488510073369119162e-03 1.601565449584099439e-03
1.217514647803850547e+00 2.323897181874157343e-03 -3.418373776591519982e-03
1.222474992944385663e+00 2.398172660740114596e-03 -3.074984923927768718e-03
1.227492317396823962e+00 -2.515708703315952099e-03 2.528789714711871753e-03
1.232534837036345365e+00 -1.649800054010801568e-03 -7.861219875378706824e-04
1.237528277128428611e+00 -2.127795044727679927e-03 -4.240674030788331786e-03
1.242488688180570788e+00 2.895069262471697269e-03 -3.016658777417762297e-03
1.247490006978946964e+00 -1.426198184414875563e-03 6.128213479614501736e-04
1.252504806360081879e+00 1.897684657229634607e-03 -3.008621771379030047e-03
1.257500192399624295e+00 1.286418348620705547e-03 -2.808175889236434047e-03
1.262515137146281941e+00 -7.661150331122126714e-04 -5.055864226550002040e-03
1.267534320784527546e+00 2.573615974680340361e-03 -3.405985894068879957e-03
1.272505085023767135e+00 -8.457230779148252470e-04 -4.863903625364088897e-04
1.277504009787307382e+00 3.075529193616824419e-03 -6.356491659476649642e-04
1.282539679173874791e+00 3.806881209539851856e-03 3.351601273469067654e-04
1.287540449305639489e+00 5.318836301645776463e-03 3.602293626383155749e-03
1.292476777621742956e+00 -2.430056549145233075e-03 -1.699375190444731313e-03
1.297469074021373237e+00 -2.955848590187332234e-03 2.769956015392728826e-03
1.302519494298144398e+00 3.193323156594646186e-03 2.955810903267131785e-04
1.307535772694660370e+00 -1.980254475948563361e-04 -6.181754004757871856e-04
1.312496027196192294e+00 -1.405118163693212536e-03 -8.180751167882717922e-04
1.317486540505191206e+00 -2.760018431022007515e-03 1.400281450843489459e-03
1.322510300058140409e+00 8.818080693666871831e-04 1.150538561845599553e-03
1.327502261686310137e+00 1.682206569181513662e-03 6.576178294830124088e-03
1.332489506615674113e+00 -1.464367003347281926e-03 2.127087642283758892e-03
1.337522470453180068e+00 2.877099677522608045e-03 3.397316247212570778e-03
1.342514091668604470e+00 -2.656214701185812162e-03 1.181087722687938725e-03
1.347482631657350938e+00 -2.395484420340087252e-04 4.783453076184958526e-03
1.352513692146456670e+00 4.315623065840715894e-03 6.896352967289980009e-04
1.357533627830272982e+00 -1.282980312755708239e-03 -1.333528778019825054e-03
1.362503586022334900e+00 6.857961832816727348e-04 9.717139123168562010e-04
1.367490843640743581e+00 3.721857646184099574e-03 -5.427601086707825378e-04
1.372511269604600681e+00 -4.222690617444464778e-03 -2.567768778463883420e-03
1.377512663824161265e+00 7.490156421523374783e-03 1.849196543869695007e-05
1.382486813688863947e+00 -4.641693045082646504e-03 -3.991532270141939201e-04
1.387495889226808110e+00 -1.940808747806899983e-03 5.351977958439286870e-04
1.392505456282616239e+00 -1.012484368348112772e-03 2.275056938237369868e-03
1.397484791046613273e+00 5.820082953411084099e-05 3.669376217966622417e-04
1.402490176143483813e+00 -2.252153116738388078e-05 2.887917816541969284e-04
1.407531815581354984e+00 3.148959907128467614e-03 4.853101084004897946e-03
1.412523090059538911e+00 2.251711455320169579e-03 -4.194857325877681038e-04
1.417470237585527482e+00 9.333469112280374071e-04 -2.579663140276449145e-03
1.422481446964255047e+00 1.348482870981920507e-03 7.843656811129342578e-04
1.427522490986277370e+00 9.464302990351234355e-04 5.961010960262864544e-04
1.432506773248589660e+00 2.197947801822172902e-03 2.532361570312982504e-03
1.437482152676767155e+00 -2.065721005786935998e-03 -3.094748641664749143e-03
1.442510296161722216e+00 -4.358994025650936820e-03 3.722731319853976053e-04
1.447501085436458279e+00 -3.958555123390989153e-03 -1.795841244813849158e-03
1.452484542592274330e+00 -1.413090561750012268e-03 5.800806235043336721e-03
1.457523527930187912e+00 -7.684195568704357262e-04 -4.247101115480159811e-03
1.462527692555643855e+00 1.673198896845232717e-03 -4.811969265955335154e-03
1.467470865250338319e+00 2.669505899692138900e-03 -1.031351869320924937e-03
1.472475366460550106e+00 3.248791572917099184e-03 -2.135678561799794848e-03
1.477526472524137047e+00 3.486271744941557321e-04 2.016935330721844090e-03
1.482538893305022087e+00 -5.252702952816672719e-04 -1.313453272256333597e-03
1.487497515469307308e+00 -1.738911388842188802e-03 1.798052172472540443e-03
1.492483525866932004e+00 2.317628675929590907e-03 2.890279895593032833e-03
1.497515867534237932e+00 -2.396844738161364903e-03 -4.320530500866997126e-04
1.502515344543103648e+00 -1.766601121933484382e-03 -4.501888990260416966e-03
1.507507468528652250e+00 1.198346292918708042e-03 -1.162106341073900449e-03
1.512513902105389718e+00 2.727765278997643398e-04 4.733195161293848765e-04
1.517496481001598951e+00 -2.919143729669680491e-03 7.830353805629775748e-04
1.522484644024807876e+00 -1.394593516409804203e-03 -2.696526160797063035e-03
1.527504855990671206e+00 1.448113843216059047e-03 8.242300363207271481e-04
1.532531147839254482e+00 1.097036714805234769e-03 -1.593510346288545170e-03
1.537494635973614576e+00 8.339889958293871842e-04 -2.258350277908794182e-03
1.542468949914497678e+00 -1.129967340211127233e-03 1.678760393188537346e-03
1.547521714506478130e+00 -8.548003659271101885e-04 -9.928164466796258938e-04
1.552522707395029844e+00 1.250454071165945551e-03 1.932123088822471242e-04
1.557491615039481969e+00 1.399896030217416109e-03 1.660652744398244526e-03
1.562487101382902699e+00 -6.583952646160957326e-04 6.023945941545257726e-03
1.567499036092217191e+00 1.200574644464430431e-03 -1.106521955031493192e-03
1.572506495183822350e+00 2.383082395316927973e-03 2.941508494501237064e-03
1.577504454097702347e+00 1.373361835266860044e-03 -5.677514947104614178e-04
1.582531417734013068e+00 4.675771870310050488e-04 1.526237266749862383e-03
1.587526479681066860e+00 5.879531767786509190e-03 -1.200706443303357516e-03
1.592472073195351889e+00 1.144695851556808727e-04 1.207207066631000702e-03
1.597494157760317446e+00 5.714436576215786495e-04 -1.910721720624589505e-03
1.602541434735287096e+00 -2.299738924569375443e-03 -1.003066071579505718e-03
1.607518074269043806e+00 4.936993905774004175e-03 3.481031882592457334e-03
