# Propagator = cross power / initial power /(Gf*b) 
# Gf = 0.61207 
# b=1.4 
# 
# k 	 	 	 Propagator (mu=0.05) 	 Propagator (mu=0.95)
0.000000000000000000e+00 nan nan
6.283185444772243500e-03 7.801401023319882722e-01 5.786370597092956869e-01
1.256637088954448700e-02 6.656416052444116271e-01 5.186763110388393772e-01
1.966525241732597351e-02 7.273962543923995216e-01 6.714566080057928765e-01
2.083896659314632416e-02 7.292507099844204310e-01 7.399758158257692120e-01
2.615409799747996783e-02 7.333907166529703980e-01 7.107485389007851539e-01
3.337243713793300315e-02 7.273733251730966076e-01 6.855034466008688154e-01
3.880443309362117954e-02 7.211575034419623886e-01 7.518478942876865023e-01
4.236900824166479895e-02 7.080229240212007058e-01 6.908600415684327256e-01
4.712833410927227268e-02 7.171193227236040135e-01 6.945630107051374846e-01
5.249325669295078906e-02 7.088709210801618088e-01 7.177022482129373770e-01
5.793494871921009426e-02 6.962293845886234900e-01 6.781919206697953895e-01
6.273677498102188388e-02 7.046698711717956920e-01 7.129189556946279316e-01
6.751902166165803243e-02 6.952653819949541347e-01 6.760991154372866241e-01
7.253747781117757254e-02 6.973343193508251270e-01 6.795190467824488989e-01
7.742520265373183108e-02 6.856853149033732553e-01 7.010829372266382808e-01
8.265626833719365296e-02 7.337275648586378818e-01 6.662289971908452735e-01
8.799044104273785749e-02 6.923251146513755838e-01 6.962762114004973357e-01
9.246685121501430071e-02 6.758797195257904011e-01 7.171917013241183581e-01
9.705377946938237299e-02 6.728301906596244608e-01 7.008021024063318949e-01
1.025626622390427012e-01 6.961019931317995457e-01 6.830875458899755559e-01
1.078756042074837107e-01 6.897680903283017750e-01 6.875315582472066867e-01
1.126498889503062956e-01 6.780631505364055345e-01 6.920824721878613417e-01
1.174311258295584054e-01 6.735765060203104948e-01 6.988136865888527893e-01
1.224265294149518013e-01 6.842489032276084515e-01 6.942855355498888104e-01
1.274705401188890586e-01 6.732979644962533428e-01 6.738322825836264851e-01
1.325767932299575236e-01 6.804976599628006495e-01 6.789967757246105906e-01
1.377046334500215408e-01 6.559074451724545840e-01 6.896469781627847517e-01
1.425797256916889189e-01 6.604218580988305831e-01 6.880352672983284235e-01
1.473307137338208395e-01 6.788281509792076784e-01 6.864223519859776745e-01
1.524089232036278108e-01 6.534759084039742927e-01 6.653232999019320637e-01
1.575936262424175449e-01 6.385709214777478548e-01 6.651786068725761281e-01
1.625684273167739557e-01 6.602151996791766342e-01 6.742909246609735119e-01
1.673352439543579206e-01 6.543548198239398372e-01 6.467126381002834545e-01
1.724435356781654771e-01 6.286101483648531829e-01 6.680545604460229603e-01
1.775138082747495516e-01 6.349359885022789474e-01 6.617836018801209752e-01
1.824936165467842542e-01 6.345103707920229930e-01 6.356024270519801123e-01
1.876230745866734606e-01 6.093174150742777240e-01 6.394846169188470597e-01
1.926019267409309899e-01 6.127362383944148227e-01 6.172102573227170597e-01
1.974749358892440854e-01 6.042154048982749659e-01 6.044446396584992609e-01
2.025059394667107493e-01 6.080394470347030289e-01 6.055295042012044382e-01
2.076213928450525437e-01 6.037183863387753924e-01 6.005328019406870332e-01
2.126848777117378297e-01 5.799094395801440704e-01 6.159747669356993027e-01
2.173658659764095835e-01 6.043483259124647899e-01 5.729964263531321933e-01
2.223124144980626049e-01 5.808233226252087489e-01 5.758298714983497435e-01
2.275980139083235709e-01 5.673072621704513541e-01 5.895831923865070268e-01
2.326984049010097644e-01 5.376969862653143695e-01 5.718247548396410140e-01
2.375650852918624878e-01 5.489526735980807537e-01 5.385943076923490613e-01
2.424471662879663647e-01 5.419960941718389158e-01 5.306936032716217388e-01
2.474402878312357557e-01 5.417056427366875315e-01 5.466099079627388946e-01
2.524844791311205983e-01 5.307687193756946975e-01 5.415528939123862573e-01
2.575087911793679796e-01 5.024966452016319529e-01 5.175141062700457928e-01
2.625372643277745777e-01 4.868822652332468470e-01 5.143762344821110055e-01
2.674488866967814071e-01 4.986976622256819591e-01 5.054065098078549534e-01
2.724593739789928915e-01 4.837399778936539718e-01 4.961027187219378964e-01
2.775641303955593275e-01 4.821706496260034225e-01 4.633640433731911479e-01
2.826432385118166080e-01 4.718282372702942706e-01 4.524509772341429592e-01
2.875503792569830130e-01 4.480538392512674051e-01 4.580869783461324896e-01
2.923732014067137452e-01 4.386868994053665927e-01 4.582743938671940409e-01
2.974952666855347760e-01 4.351397949804151066e-01 4.250403392014871495e-01
3.025732013669680809e-01 4.372761842839262836e-01 4.202995281845900433e-01
3.075143514540406020e-01 4.087749520259630343e-01 4.151749776387840263e-01
3.124966426471657011e-01 3.774534135225353082e-01 3.952094184008972388e-01
3.174072768953111190e-01 3.758794160376701665e-01 4.006712066803851946e-01
3.224348160175661282e-01 3.811682262337779403e-01 3.835313008116875144e-01
3.275598108276601694e-01 3.617218027178512041e-01 3.732703783921341723e-01
3.325990246228963110e-01 3.458957033331094832e-01 3.435171228063104154e-01
3.375370221613464561e-01 3.397986897743965340e-01 3.567640221192468486e-01
3.423908650875091553e-01 3.400347264849100104e-01 3.147127469733650429e-01
3.475243191869839543e-01 3.245112616979966003e-01 3.205615185357174601e-01
3.526204999699686371e-01 3.160570772116559901e-01 3.337704898322845226e-01
3.575124336588222929e-01 3.009108321538490616e-01 2.904859692767329804e-01
3.624529507249891758e-01 2.771695977351534834e-01 2.950191631891787569e-01
3.675498033998199077e-01 2.883203195236503369e-01 2.783299906741215080e-01
3.725565723788115124e-01 2.669572882615353637e-01 2.812409892684773483e-01
3.775251786629579276e-01 2.582435528688344362e-01 2.496824524662804301e-01
3.825444652793112965e-01 2.506397078550233193e-01 2.724825686858874940e-01
3.875508754889763208e-01 2.424027179438096036e-01 2.320978957012115873e-01
3.924682142798170958e-01 2.435120071155011945e-01 2.390556374016223340e-01
3.974941700298004754e-01 2.137176606653537758e-01 2.194135616989703053e-01
4.025866373866981984e-01 2.187490102527656077e-01 2.158170181473960392e-01
4.075887755798262013e-01 2.067674726776667082e-01 2.006661524517810713e-01
4.124387292400701899e-01 1.934899032776949412e-01 1.980410441868182547e-01
4.174253062056980657e-01 1.948246850204465308e-01 1.848492459561945633e-01
4.225546355249569785e-01 1.768736987070833322e-01 1.850158657239346638e-01
4.275452816423644387e-01 1.743302591643481059e-01 1.728572462108383667e-01
4.324870259514822513e-01 1.581467278407927557e-01 1.734951654158950751e-01
4.374941021952427067e-01 1.631991779562788347e-01 1.596184945481493034e-01
4.424580192915391619e-01 1.430844547476585182e-01 1.444570568352361861e-01
4.474873585360391037e-01 1.433518559681368487e-01 1.399904199068037480e-01
4.525427790726901378e-01 1.541248085021384440e-01 1.370879743725082756e-01
4.575593464439344782e-01 1.276865469992058688e-01 1.447526830128411102e-01
4.625082838588746026e-01 1.065294765220138468e-01 1.357797235373594258e-01
4.674851712490562528e-01 1.293920024767766797e-01 1.181713598978985508e-01
4.725601238591832232e-01 1.209635006747560998e-01 1.028572745258889837e-01
4.775950511331215620e-01 1.097049280613898170e-01 1.016985954283328858e-01
4.825206461098862643e-01 9.996676203894643009e-02 1.058494510507075881e-01
4.874402719946088758e-01 1.000521290483403908e-01 8.383180270307634407e-02
4.925200592223242801e-01 1.029604373971207409e-01 8.632846403376509548e-02
4.975365839949369429e-01 9.662046671647937790e-02 8.040978890117779498e-02
5.025037984965704529e-01 8.580843697560797123e-02 7.097453898033580233e-02
5.075572147114322252e-01 7.173401942221466210e-02 7.564801390035406914e-02
5.125228407051584112e-01 7.113865230103576243e-02 7.776628397584570140e-02
5.174458511383320802e-01 5.923943949276744975e-02 7.181778707294748931e-02
5.224853814923644535e-01 6.763512397965001921e-02 5.271662478265571466e-02
5.275609551402401509e-01 6.355001386258098128e-02 5.752178965666147198e-02
5.325420008272679917e-01 6.327651817391415079e-02 4.205266698827400673e-02
5.374675898959762055e-01 4.493022285989451553e-02 4.599976903571072195e-02
5.425177179641491598e-01 5.303823286318951752e-02 3.976629335741029697e-02
5.475863309874955398e-01 4.280905535286463892e-02 3.278436962651485459e-02
5.525582752687024923e-01 4.725910121725899332e-02 3.142042656193150957e-02
5.574804428102063669e-01 4.936004922915208926e-02 4.266534410287664558e-02
5.625139044293676616e-01 4.116751926376036042e-02 3.866419825076379546e-02
5.675041312924480330e-01 4.791128751637735439e-02 5.032161295326233880e-02
5.724970027042484144e-01 4.349507234646659420e-02 4.232274265322061996e-02
5.775357342201695721e-01 3.838707662247144853e-02 2.721260622941551813e-02
5.824921194047679718e-01 2.387513340104641460e-02 2.723438664525670849e-02
5.873923130614447929e-01 3.222279243824800049e-02 2.502387442233055398e-02
5.924653629231656504e-01 3.532304627904457595e-02 1.784107680209924204e-02
5.975679196835719242e-01 2.859209707186326568e-02 2.198847538773888652e-02
6.025605786437938649e-01 2.476010793832476853e-02 1.593534589562215636e-02
6.074636804380586508e-01 2.347548181738917661e-02 1.590931914654139176e-02
6.124551004112357422e-01 1.612120847878579025e-02 1.595319326202850746e-02
6.175199954051294737e-01 1.391894458490093751e-02 1.584750808413932371e-02
6.224915962426643690e-01 1.094784675563924975e-02 1.466822353763622307e-02
6.274915557171136804e-01 2.167123074462716514e-02 2.132329516980980069e-02
6.325034887796818772e-01 1.560319305266577063e-02 1.394539308610598209e-02
6.374674518004223023e-01 1.444173536917152910e-02 1.931775327998603697e-03
6.424993050208196443e-01 1.450587492559856501e-02 1.649454468812527191e-02
6.475698107053261543e-01 1.511441585646466738e-02 1.011585220662379776e-02
6.525659580633673684e-01 1.906736211632312911e-02 9.207105437268187087e-03
6.574593256037588596e-01 9.145593757671323723e-03 1.254088484527313488e-02
6.624271988612899786e-01 1.397673634956906469e-02 1.386396375854463160e-02
6.675417019271585595e-01 1.440444935595122829e-02 8.263651872176563939e-03
6.725772533782964357e-01 2.572377069744951478e-02 4.158633571637962781e-03
6.774730984886959684e-01 1.096469406631273881e-02 9.914170324117876562e-03
6.824530178335233011e-01 1.951418597713588379e-03 -2.668175200978156487e-04
6.875280661592433340e-01 8.210730356152488862e-03 2.319793245227184594e-03
6.925230179389753049e-01 4.691656906895127349e-03 6.859504817862390434e-03
6.975295769925410339e-01 1.165787537226733832e-02 3.579658511779593849e-03
7.025568770724331946e-01 6.093864208302063150e-03 6.589326058130334264e-03
7.074922850739089331e-01 -1.726493088445759782e-03 1.718745422722904028e-03
7.124622482418867531e-01 -1.671625922113789556e-03 8.993564393065690138e-03
7.175452271531412851e-01 5.087635988967238038e-03 1.078445789796696544e-02
7.225717784613484573e-01 3.101839626647474694e-03 7.536818470723628295e-03
7.275089624579016423e-01 4.969393560833974648e-03 -1.881846937960939556e-03
7.324600466513193631e-01 -1.687425635312213854e-03 1.169400683915456079e-03
7.375197398421006190e-01 7.225104072898560223e-04 3.256659000071109641e-03
7.425451223097148112e-01 7.855508815096907266e-03 3.863475878945699105e-03
7.474842697394677993e-01 -8.984710216191186399e-03 1.174030503076697179e-02
7.524852851764070039e-01 7.096319987053607489e-03 2.216907902660401072e-04
7.575207617909872626e-01 2.825347056789338177e-03 6.967896231598959961e-03
7.624899512647149713e-01 5.285686964936553781e-03 1.013704987795453760e-02
7.674945370763794905e-01 6.115411742454587678e-03 -7.764394798427565365e-03
7.725794383408772781e-01 9.304403327886892269e-03 8.834783881057071617e-03
7.775418725495999439e-01 6.824521886016554455e-03 2.471698518304414182e-03
7.824517841248074257e-01 6.629993766523682892e-03 1.053308807259163184e-02
7.874633419998022799e-01 -3.166031860915045557e-03 8.347582287833204195e-04
7.925074945210605071e-01 -1.199644340746318198e-02 -1.339295190712167741e-03
7.975320939675887288e-01 -4.577878071629157102e-03 6.101005446095769322e-03
8.025077203392373404e-01 4.581411363522403662e-03 2.333735417482488985e-04
8.075165978041417558e-01 2.522442952762433792e-03 -5.426279365626843904e-03
8.125398262220836498e-01 -2.042996107571686849e-03 -3.649102141904521975e-03
8.174920854857439245e-01 -5.577150602209289716e-03 -4.826866245468451090e-03
8.225112352578536346e-01 -7.596045771572368550e-03 -6.946023218750260048e-03
8.275561555342915154e-01 5.765482404551770280e-03 -1.471301409932975531e-03
8.324952800697255073e-01 -3.545911169339017316e-03 4.298572620492169434e-03
8.374585586194417397e-01 3.984942653915436554e-03 4.665717084785019064e-03
8.425409302494435426e-01 -7.839074562871356858e-03 -1.543120264449378016e-03
8.475526048196360129e-01 -5.136424556674463147e-03 1.505883024014978769e-03
8.524865202798559416e-01 1.539286145434610271e-03 -1.153797722812765830e-03
8.574810042038077951e-01 -3.448112540100309233e-03 -3.533150175924056231e-03
8.625274263089646176e-01 -4.797593630830928463e-03 -6.306120192079985726e-03
8.675245284508311672e-01 8.961447650650463184e-03 -1.367190510030040235e-03
8.724893182407091885e-01 -1.393487405751777557e-03 2.175852799261686604e-03
8.774721006880088492e-01 4.057003760286097965e-03 1.575087594593856328e-03
8.824781156447413233e-01 -8.240635942608620992e-03 8.257423382125575820e-03
8.874595540954569595e-01 -3.618836033184555205e-03 2.979870955514188954e-03
8.924946553517479897e-01 -1.134560382819498059e-02 2.028759221863377484e-04
8.975478380653373334e-01 -2.763315828840701930e-03 3.571044231861659427e-03
9.025072192470299237e-01 2.147332624435133869e-03 4.722474307402178199e-04
9.074647804047671906e-01 3.510793892011695311e-03 -2.144064276824085135e-03
9.125276216389043293e-01 2.636202853293549350e-03 6.938672306955626611e-03
9.175654489314823969e-01 4.569449544532614045e-03 9.425331546630319468e-03
9.225040210196280288e-01 2.921556388361552618e-03 -4.977177753773083177e-03
9.274649349345547300e-01 6.430522381495018015e-03 -1.496361466584397943e-03
9.324868719712484655e-01 -2.530611964308774210e-03 -8.653010357252953824e-03
9.375016110539382552e-01 3.974082123018161938e-03 -2.000077338198488156e-03
9.424716917071948030e-01 -4.205290771480465865e-03 -3.998804873076756625e-03
9.474990761212710444e-01 -8.326807447625555851e-04 -5.003937326127022057e-03
9.525075911681692986e-01 6.093011184614933323e-03 -5.322989071940325878e-05
9.574675710595634825e-01 5.914719081589740746e-03 -1.161164837760146097e-03
9.624903057428336739e-01 -9.428160011590767074e-04 3.673629794198294673e-03
9.675364381832723959e-01 1.856484627498589590e-03 2.082970828568017543e-03
9.724990590816093849e-01 -1.604754911120022864e-03 -5.479369716997844336e-03
9.774623181229004087e-01 -3.222349014456862143e-03 -4.874174426208844691e-04
9.824997772572167110e-01 -7.184669644699023631e-03 -6.721413128159246103e-03
9.875545656100468417e-01 8.243548200944134444e-03 5.326139967867650309e-04
9.925346890080131157e-01 4.382469912236881468e-03 2.896653731382932417e-03
9.975070331244173527e-01 5.112993058168722148e-03 2.951039137702835165e-03
1.002498770764472802e+00 -2.310385952619316199e-03 1.443845646820309360e-03
1.007506200378980088e+00 -4.309010064077182199e-03 2.290379832085458634e-03
1.012495559833831660e+00 -1.709319271706928383e-03 5.283528102266276186e-03
1.017503908866539408e+00 -8.322296863640518336e-03 3.832970186946076021e-03
1.022514394396538462e+00 -5.859688163136073276e-03 6.576972084941567825e-04
1.027473577884819855e+00 1.659599273249450294e-03 -1.159656533755764208e-03
1.032488007762135895e+00 3.244224723987141918e-03 -2.084625353362217631e-03
1.037540910373357050e+00 -2.567319796040807255e-03 -3.260720713389823715e-03
1.042524992865205613e+00 -7.695114321349815108e-03 -1.841315553601219389e-03
1.047496448742833319e+00 3.588989052431410236e-03 2.395541103549085702e-03
1.052489723011072353e+00 -6.085659937315245592e-03 5.026299771950635056e-03
1.057529570581920098e+00 3.461469530417344599e-03 -7.669855435276742329e-04
1.062518130822190932e+00 -5.769132341184881295e-04 2.043587665698314102e-03
1.067492553025169988e+00 -1.766523678732672374e-03 -7.027488378110047912e-05
1.072514417404221376e+00 -6.609058150978790354e-03 -2.018048314072194184e-03
1.077496685713146496e+00 3.800325281151697206e-03 -1.499442408157142118e-03
1.082487844389595777e+00 1.210032199781961798e-03 3.637977776238847209e-03
1.087517338614010676e+00 3.859664278331317259e-03 1.573333624907517769e-03
1.092548835994813006e+00 -3.413953684237032871e-03 -2.880052532237464304e-03
1.097497870010857079e+00 -1.950591714927851729e-03 -1.519609782303784577e-03
1.102442234435279556e+00 1.123533582584796287e-03 3.330185777978395510e-04
1.107498110094682131e+00 -1.282671001808365595e-02 -6.413707249851997427e-04
1.112540105583508687e+00 -2.105092109702811753e-03 3.079492249227591769e-03
1.117505892961435432e+00 -2.262523364756063035e-04 -4.098767622231153036e-05
1.122505655337368458e+00 -2.732232221259021758e-03 -1.959777877505265720e-03
1.127503215581863394e+00 3.677412980124823445e-03 -5.916732108416119899e-03
1.132494129764635371e+00 -2.832716448006202328e-03 -9.191894767088508314e-04
1.137497256809587798e+00 2.326981737103378436e-03 -5.002035650636755572e-03
1.142527052399778142e+00 -6.427047494017685235e-04 3.268942679416401553e-03
1.147507445986783559e+00 -6.109286402938635813e-03 -3.153713591442062689e-03
1.152458228647123883e+00 -4.201734721619030527e-03 3.102936796270103388e-03
1.157471264758792362e+00 -6.760348672543764394e-04 1.901856279606034073e-04
1.162519315116649077e+00 7.492907646769573918e-04 -9.036759161054293060e-04
1.167507685974803922e+00 -3.254720951238205835e-03 -2.674709798446935679e-03
1.172483817401771544e+00 -1.821302239959469299e-03 -2.183437965547160332e-03
1.177500953150747431e+00 -4.537591820758234487e-03 3.899370730853887485e-03
1.182513264825158172e+00 4.163951831181118661e-03 -1.048782713879768073e-03
1.187500052400491501e+00 -3.258368911902744924e-03 -5.628827559997127972e-03
1.192500809460080191e+00 -4.620267349553382717e-03 -4.206036907688541319e-03
1.197494514228965690e+00 -9.149547493520372851e-04 5.727276846363802722e-03
1.202491163223595061e+00 1.762506166967582773e-04 -5.461552532719947742e-03
1.207496819733679727e+00 3.273071541773878157e-03 -4.599052536295519453e-03
1.212518833360494597e+00 -3.758888249154736499e-03 -1.939450437434591485e-03
1.217514647803850547e+00 -4.129222388728102759e-03 5.854782170986667748e-03
1.222474992944385663e+00 -2.698968646172413693e-03 2.750085998880982471e-03
1.227492317396823962e+00 9.817157440513766382e-05 5.927303490553384457e-03
1.232534837036345365e+00 -2.563474180338344132e-03 5.781239893066373974e-03
1.237528277128428611e+00 -5.642507048868361562e-04 -1.708060245156854196e-03
1.242488688180570788e+00 -7.769247559709090666e-03 6.230981604991219468e-03
1.247490006978946964e+00 1.453413327073703649e-04 5.850247529516869847e-03
1.252504806360081879e+00 -2.505203528113375197e-03 5.657901261049915094e-03
1.257500192399624295e+00 1.388754378364172098e-03 -2.082733150835705278e-03
1.262515137146281941e+00 5.024247171433428132e-03 2.781920637088135945e-03
1.267534320784527546e+00 2.278764002688978343e-03 -5.035688978023244826e-03
1.272505085023767135e+00 -4.288014440862139044e-03 -7.144656300181561996e-03
1.277504009787307382e+00 4.697332786030642728e-03 -3.137664364404327104e-03
1.282539679173874791e+00 4.815065209701260146e-04 3.018322037399726911e-03
1.287540449305639489e+00 -5.311985328933143714e-03 -3.918859702085561794e-03
1.292476777621742956e+00 5.571844216454815285e-03 -1.082407389614838513e-03
1.297469074021373237e+00 -9.650558044846456462e-03 -9.160831701120567341e-03
1.302519494298144398e+00 6.176087536051665973e-03 -3.605328660761927470e-03
1.307535772694660370e+00 4.794233503313096237e-03 -8.956353015378218515e-05
1.312496027196192294e+00 3.122924897029664103e-03 8.203265821749962730e-03
1.317486540505191206e+00 1.564219156339464534e-03 3.864949716845691541e-04
1.322510300058140409e+00 7.522005769623343148e-04 3.552867735924621941e-03
1.327502261686310137e+00 -6.552645425230372786e-03 3.936798750166650186e-03
1.332489506615674113e+00 2.165732425888380192e-03 -1.432916425096542826e-03
1.337522470453180068e+00 -9.565742181095186064e-03 4.028384345532350650e-04
1.342514091668604470e+00 6.271922995706943199e-03 -4.893879142024917285e-03
1.347482631657350938e+00 1.947115563266055239e-03 3.343447767330743909e-03
1.352513692146456670e+00 -3.097336797400770210e-04 -5.265305156054826685e-03
1.357533627830272982e+00 3.485301674089247206e-03 6.349767678814319943e-03
1.362503586022334900e+00 -5.006182355288677464e-03 -6.278080128939468596e-03
1.367490843640743581e+00 -1.954606847287811318e-03 -4.832932045994545699e-03
1.372511269604600681e+00 -4.245986017695506967e-05 -2.420265578801538385e-03
1.377512663824161265e+00 2.671480432960375399e-03 2.673085341402272296e-03
1.382486813688863947e+00 1.979828410814709662e-04 5.826833648988837509e-04
1.387495889226808110e+00 4.907910965874882626e-05 -2.006817175997717309e-04
1.392505456282616239e+00 9.815880887257917228e-04 2.240484525187239669e-03
1.397484791046613273e+00 8.858192721994145218e-04 -3.389351149123957189e-03
1.402490176143483813e+00 9.060215090193611195e-03 -1.044845095700105151e-03
1.407531815581354984e+00 -5.271120209648137191e-03 -2.035096811162141923e-03
1.412523090059538911e+00 5.024412094707952220e-03 -2.011513275869080113e-03
1.417470237585527482e+00 2.674689787334028762e-03 1.825118641144344352e-03
1.422481446964255047e+00 -1.533546168257748747e-02 -4.386426635842174612e-03
1.427522490986277370e+00 -1.419071844147540762e-03 4.799311555641531599e-03
1.432506773248589660e+00 4.139691913426994365e-05 -1.827329630145370929e-03
1.437482152676767155e+00 1.183663547028473680e-03 -7.118148120530290533e-04
1.442510296161722216e+00 4.761886041135279975e-03 -2.347015822535446043e-03
1.447501085436458279e+00 2.671055187675696902e-03 7.714807419092959730e-03
1.452484542592274330e+00 -2.327116529096388383e-05 -4.098076652738661708e-03
1.457523527930187912e+00 -2.347538879329525135e-03 1.914551674299649767e-03
1.462527692555643855e+00 -2.666784142064008295e-03 -3.288366752278567163e-03
1.467470865250338319e+00 -4.299717604690719147e-03 -2.601305746875076695e-04
1.472475366460550106e+00 -4.961166097436275554e-03 -8.722618247212872910e-04
1.477526472524137047e+00 4.729882301626086444e-03 1.399253512059246392e-03
1.482538893305022087e+00 6.313009783559965678e-03 3.389039900342956813e-03
1.487497515469307308e+00 -2.962284643596580901e-03 -2.577339956428357625e-03
1.492483525866932004e+00 4.251925914825732677e-03 2.879348780222370542e-03
1.497515867534237932e+00 1.949721577958805343e-03 3.213488843799700001e-05
1.502515344543103648e+00 -6.872596229004878342e-03 -3.920290328218574601e-03
1.507507468528652250e+00 1.343609769066369999e-03 4.283106538693839602e-03
1.512513902105389718e+00 -1.627748472525168124e-03 1.157443883843053793e-02
1.517496481001598951e+00 -2.169042727979652620e-03 2.520994763681677284e-03
1.522484644024807876e+00 -3.303195564438582768e-03 6.945573250610842866e-03
1.527504855990671206e+00 -4.130069031764343861e-03 -2.697936671209002178e-03
1.532531147839254482e+00 -5.016467673685261371e-03 2.431417888204314738e-03
1.537494635973614576e+00 -2.592410982735497867e-03 -5.628884977739045774e-03
1.542468949914497678e+00 -9.788328144067672942e-04 2.355997134045167626e-03
1.547521714506478130e+00 5.259007545859678643e-04 -1.770144420555318839e-03
1.552522707395029844e+00 -4.384107463443472769e-03 -8.192555450323419199e-04
1.557491615039481969e+00 -2.514603552880446957e-03 -5.968650180266997062e-05
1.562487101382902699e+00 1.554070783497391809e-03 8.171446788263736147e-03
1.567499036092217191e+00 -1.920134169995287585e-03 -3.038955189051934132e-03
1.572506495183822350e+00 -3.311589164261226782e-03 -3.737045985914325043e-03
1.577504454097702347e+00 -1.913867541534764165e-03 2.678131136814733849e-03
1.582531417734013068e+00 -5.610119368140031697e-03 -1.917413268060263196e-03
1.587526479681066860e+00 -3.657401360951698013e-03 -6.739839902973600262e-04
1.592472073195351889e+00 -2.658034950319821191e-03 6.603172739755325824e-04
1.597494157760317446e+00 1.868882369880626006e-03 -1.651309535010975736e-03
1.602541434735287096e+00 -1.938878951793480835e-03 9.985058998323763715e-04
1.607518074269043806e+00 1.667671292056047225e-03 3.593762417402738586e-03
