# Propagator = cross power / initial power /(Gf*b) 
# Gf = 0.61207 
# b=1.4 
# 
# k 	 	 	 Propagator (mu=0.05) 	 Propagator (mu=0.95)
0.000000000000000000e+00 nan nan
6.283185444772243500e-03 1.099012680824482446e+00 1.462069505238739575e+00
1.256637088954448700e-02 9.356163644961175141e-01 1.396611332747714762e+00
1.966525241732597351e-02 1.028423569874713284e+00 1.497178918376862899e+00
2.083896659314632416e-02 1.027347762938659592e+00 1.550997900516497330e+00
2.615409799747996783e-02 1.052942041857345412e+00 1.594207760429483978e+00
3.337243713793300315e-02 1.020869237320504608e+00 1.511781564797611832e+00
3.880443309362117954e-02 1.011954352524867984e+00 1.623678005388058398e+00
4.236900824166479895e-02 9.873755532943955249e-01 1.525123994537931571e+00
4.712833410927227268e-02 9.873072676137266690e-01 1.486375243655386758e+00
5.249325669295078906e-02 9.764367264512334721e-01 1.568415748342787852e+00
5.793494871921009426e-02 1.008543903593015045e+00 1.495867154592935178e+00
6.273677498102188388e-02 9.819943543191460567e-01 1.519193390347578276e+00
6.751902166165803243e-02 1.003721290334644189e+00 1.467583347890859091e+00
7.253747781117757254e-02 9.948396519281402783e-01 1.486752608887886407e+00
7.742520265373183108e-02 9.918444760740977584e-01 1.514534760120658019e+00
8.265626833719365296e-02 1.053451375491155195e+00 1.434185113046459792e+00
8.799044104273785749e-02 1.001015462681255297e+00 1.482961497216958024e+00
9.246685121501430071e-02 9.658642161229720191e-01 1.483018829801369343e+00
9.705377946938237299e-02 9.914433371880457813e-01 1.458034014928949462e+00
1.025626622390427012e-01 1.022662976139551594e+00 1.393978123070648723e+00
1.078756042074837107e-01 1.008282940916869652e+00 1.420394668547560135e+00
1.126498889503062956e-01 9.965741833236341218e-01 1.405282703513695886e+00
1.174311258295584054e-01 1.001540441534281234e+00 1.394484937023610094e+00
1.224265294149518013e-01 1.024767701510595597e+00 1.387458933695613572e+00
1.274705401188890586e-01 9.912683105400680317e-01 1.359201216384813060e+00
1.325767932299575236e-01 1.012506478215644767e+00 1.329657568107596166e+00
1.377046334500215408e-01 9.817011630679647327e-01 1.335225639562604316e+00
1.425797256916889189e-01 9.874692669736822026e-01 1.324809554851363869e+00
1.473307137338208395e-01 1.025915467841004736e+00 1.294060385498055243e+00
1.524089232036278108e-01 9.809198905859453088e-01 1.272293842010049358e+00
1.575936262424175449e-01 9.784520973225582230e-01 1.240886746043053712e+00
1.625684273167739557e-01 1.006089750834895602e+00 1.242352590540924728e+00
1.673352439543579206e-01 1.007195248079772565e+00 1.196364630837619236e+00
1.724435356781654771e-01 9.708918040934026994e-01 1.195461387106760531e+00
1.775138082747495516e-01 9.590618118784574042e-01 1.167588106966633399e+00
1.824936165467842542e-01 9.962751723400281589e-01 1.133181817302064909e+00
1.876230745866734606e-01 9.485702694806354973e-01 1.128677223125611251e+00
1.926019267409309899e-01 9.816761638482612851e-01 1.097230071900184623e+00
1.974749358892440854e-01 9.503559562665900851e-01 1.066813065172620645e+00
2.025059394667107493e-01 9.712649922648476375e-01 1.045522173595512028e+00
2.076213928450525437e-01 9.866174132369330829e-01 1.052495232845442885e+00
2.126848777117378297e-01 9.622918629876213714e-01 9.900743848201167818e-01
2.173658659764095835e-01 1.009911983008098257e+00 9.202164685791959231e-01
2.223124144980626049e-01 9.632013050876339078e-01 9.658916653252600515e-01
2.275980139083235709e-01 9.538787266273798249e-01 9.434860824624957676e-01
2.326984049010097644e-01 9.068201085058887889e-01 9.629909647482864932e-01
2.375650852918624878e-01 9.666899837667212170e-01 8.781241582254515343e-01
2.424471662879663647e-01 9.271254959580731425e-01 8.225387647391620982e-01
2.474402878312357557e-01 9.310524227077678905e-01 8.587517189658157024e-01
2.524844791311205983e-01 9.303222993004207630e-01 8.586356325879272999e-01
2.575087911793679796e-01 9.382513772474757596e-01 8.313122428151535903e-01
2.625372643277745777e-01 9.071183669655576987e-01 7.802137302715220768e-01
2.674488866967814071e-01 9.178538982763929654e-01 7.887501048538502202e-01
2.724593739789928915e-01 9.141632986652342696e-01 7.902754925669582819e-01
2.775641303955593275e-01 9.241581243213781161e-01 7.008352464787913627e-01
2.826432385118166080e-01 8.889896607706976317e-01 6.886987758636843315e-01
2.875503792569830130e-01 8.805853293191123754e-01 6.897142570196209688e-01
2.923732014067137452e-01 8.644405752495035733e-01 6.637102280423433642e-01
2.974952666855347760e-01 8.892575612188658996e-01 7.008203125642045173e-01
3.025732013669680809e-01 8.479507600888058771e-01 6.850037133435934456e-01
3.075143514540406020e-01 9.007769765963851150e-01 6.300765677658537456e-01
3.124966426471657011e-01 8.432110641554758645e-01 6.019888250836081811e-01
3.174072768953111190e-01 8.601713568874169713e-01 5.955984911171379181e-01
3.224348160175661282e-01 8.434723706645474994e-01 6.098967141538506054e-01
3.275598108276601694e-01 8.665723185666230899e-01 5.785164452751977437e-01
3.325990246228963110e-01 8.430755828547346065e-01 5.380541284432309723e-01
3.375370221613464561e-01 8.525611539208601819e-01 5.484937879163819252e-01
3.423908650875091553e-01 8.087569003064964956e-01 5.511182087043959843e-01
3.475243191869839543e-01 8.172385734641058885e-01 5.142333953116462464e-01
3.526204999699686371e-01 8.049824441719887202e-01 5.295944629662058256e-01
3.575124336588222929e-01 8.305116077837069177e-01 4.658779938683781374e-01
3.624529507249891758e-01 8.072153818863313512e-01 4.624535612541685325e-01
3.675498033998199077e-01 8.033863901509533667e-01 4.371706086908312971e-01
3.725565723788115124e-01 8.258484356906438117e-01 4.247786381275570622e-01
3.775251786629579276e-01 7.914920734398747104e-01 4.207661777339916087e-01
3.825444652793112965e-01 7.841673681980476651e-01 4.307021676514790620e-01
3.875508754889763208e-01 7.562410654865160398e-01 4.067529275325189042e-01
3.924682142798170958e-01 7.541595702170511561e-01 3.855290116967848846e-01
3.974941700298004754e-01 7.405185543930562497e-01 4.208066180511644827e-01
4.025866373866981984e-01 7.498415540003979807e-01 3.894908625012293846e-01
4.075887755798262013e-01 7.213238444110744441e-01 3.725299870444505612e-01
4.124387292400701899e-01 7.518873381389988841e-01 3.855734942701827261e-01
4.174253062056980657e-01 7.263351905413449883e-01 3.129677260940872396e-01
4.225546355249569785e-01 7.413090276196241390e-01 3.078194387951230238e-01
4.275452816423644387e-01 7.427513572178764401e-01 3.349793047216637620e-01
4.324870259514822513e-01 7.034784382820141735e-01 3.376592368017405921e-01
4.374941021952427067e-01 6.598554657593583839e-01 3.022593169144599523e-01
4.424580192915391619e-01 7.321811676908458466e-01 2.993945567444774580e-01
4.474873585360391037e-01 7.036099322739954864e-01 2.772795552053052281e-01
4.525427790726901378e-01 6.571844429920116193e-01 3.137480156357762562e-01
4.575593464439344782e-01 6.546794996522954380e-01 2.897699524436577190e-01
4.625082838588746026e-01 6.545923024465948314e-01 2.359002912774987304e-01
4.674851712490562528e-01 6.437080752761563662e-01 2.413642536560039464e-01
4.725601238591832232e-01 6.347766109209571628e-01 2.211768342871533455e-01
4.775950511331215620e-01 6.073384162333231862e-01 2.158265806289780542e-01
4.825206461098862643e-01 6.124671208894917340e-01 2.468823251970822530e-01
4.874402719946088758e-01 6.342661988738017564e-01 2.533681015416028304e-01
4.925200592223242801e-01 6.049145468089227595e-01 2.011068013269238230e-01
4.975365839949369429e-01 6.331249191787307051e-01 2.078694888990612055e-01
5.025037984965704529e-01 6.021493234055469435e-01 1.992100123766571140e-01
5.075572147114322252e-01 6.076970701906833083e-01 1.730681104024744676e-01
5.125228407051584112e-01 5.907258063889537780e-01 2.125138425334108239e-01
5.174458511383320802e-01 5.805238128836613942e-01 1.831178267440225216e-01
5.224853814923644535e-01 5.680880398260786945e-01 1.777194873166714761e-01
5.275609551402401509e-01 5.585552163022462491e-01 1.703386214414443212e-01
5.325420008272679917e-01 5.214743952763851720e-01 1.624907792995196332e-01
5.374675898959762055e-01 5.577263050399832167e-01 1.507245742531746480e-01
5.425177179641491598e-01 5.445193007211061031e-01 1.570033328309480836e-01
5.475863309874955398e-01 5.449660389838084651e-01 1.408030642377159913e-01
5.525582752687024923e-01 5.190271896572048460e-01 1.589724674431060858e-01
5.574804428102063669e-01 5.370453976708103871e-01 1.266241346590625538e-01
5.625139044293676616e-01 4.801481387382346977e-01 1.691707541178234797e-01
5.675041312924480330e-01 5.056323628721612895e-01 1.376955044550550178e-01
5.724970027042484144e-01 5.047524752282880334e-01 1.363698230028229097e-01
5.775357342201695721e-01 4.632027240986662520e-01 1.216245917059235598e-01
5.824921194047679718e-01 5.269887376807018686e-01 1.284961704997050480e-01
5.873923130614447929e-01 4.892360219130426069e-01 1.291903159092378794e-01
5.924653629231656504e-01 4.676028877671862261e-01 9.399313299091904828e-02
5.975679196835719242e-01 4.840966327618933529e-01 1.010998096562496645e-01
6.025605786437938649e-01 4.517029833367552372e-01 1.372828721752661907e-01
6.074636804380586508e-01 4.542567242384110693e-01 1.102477784093514879e-01
6.124551004112357422e-01 4.695367636596045613e-01 8.513398876720106034e-02
6.175199954051294737e-01 4.798632606537291956e-01 6.175250863804346985e-02
6.224915962426643690e-01 4.326342000039147262e-01 6.755074232061900052e-02
6.274915557171136804e-01 3.656537759921872355e-01 6.803595331632487919e-02
6.325034887796818772e-01 4.241613761489480550e-01 7.512293226374318345e-02
6.374674518004223023e-01 4.005504192265098018e-01 7.527497287297928164e-02
6.424993050208196443e-01 3.583389097519452671e-01 8.107687083027367847e-02
6.475698107053261543e-01 4.116126660341987709e-01 7.321858655030219487e-02
6.525659580633673684e-01 3.839379249459687338e-01 7.255139724256549905e-02
6.574593256037588596e-01 4.040150908811561692e-01 7.506540261787948698e-02
6.624271988612899786e-01 3.854189274280497290e-01 5.756342401953624954e-02
6.675417019271585595e-01 3.716162045128207914e-01 7.767478338241076696e-02
6.725772533782964357e-01 3.460332390055587126e-01 5.772368159669425541e-02
6.774730984886959684e-01 3.802056669012303658e-01 3.696722183829501823e-02
6.824530178335233011e-01 3.551211643942697727e-01 5.186279909443174130e-02
6.875280661592433340e-01 3.522224029763593722e-01 7.594522480270503306e-02
6.925230179389753049e-01 3.804868379517123422e-01 7.939005433834814274e-02
6.975295769925410339e-01 3.284512919783785789e-01 6.441036450914376654e-02
7.025568770724331946e-01 3.060617664445145492e-01 5.881216091595738854e-02
7.074922850739089331e-01 3.246690942234510824e-01 4.247532270751232936e-02
7.124622482418867531e-01 3.189577698452270571e-01 4.144834949874592195e-02
7.175452271531412851e-01 3.045774679312315270e-01 5.475510616211993337e-02
7.225717784613484573e-01 3.172913212892241042e-01 7.359456240596119747e-02
7.275089624579016423e-01 3.150874705432019640e-01 3.397960328312676220e-02
7.324600466513193631e-01 3.102120659709515782e-01 4.294707017924840470e-02
7.375197398421006190e-01 2.887077938118969844e-01 4.116929502255643053e-02
7.425451223097148112e-01 3.335820967815056326e-01 1.863495259725172701e-02
7.474842697394677993e-01 2.642091033516573706e-01 3.029373627104051114e-02
7.524852851764070039e-01 2.638136692515591908e-01 4.460941542601477156e-02
7.575207617909872626e-01 2.499240108437637831e-01 4.557322167676722963e-02
7.624899512647149713e-01 2.734207688474796782e-01 3.574743313419640606e-02
7.674945370763794905e-01 2.551574992349972537e-01 6.557681469183222756e-02
7.725794383408772781e-01 2.613520984598382002e-01 3.638375995764783245e-03
7.775418725495999439e-01 2.195936957430472125e-01 3.692487532494388713e-02
7.824517841248074257e-01 2.154391356806436009e-01 4.891852269763125038e-02
7.874633419998022799e-01 2.611311291791187372e-01 1.058206659773311756e-02
7.925074945210605071e-01 2.313807916191493730e-01 1.929095977674584808e-02
7.975320939675887288e-01 2.812884223162055997e-01 4.297347062237101556e-02
8.025077203392373404e-01 2.141376212480153307e-01 3.158972633991806445e-02
8.075165978041417558e-01 2.215392322420302873e-01 3.509180823192154658e-02
8.125398262220836498e-01 2.295483532298557561e-01 2.834712619507599035e-02
8.174920854857439245e-01 2.041473968910763326e-01 3.515343353447950903e-04
8.225112352578536346e-01 2.437063763318228216e-01 3.123524365560123930e-02
8.275561555342915154e-01 2.013917939580328886e-01 1.747215068486706810e-02
8.324952800697255073e-01 2.344039499816889249e-01 -1.805864430946365826e-02
8.374585586194417397e-01 1.773969628770609985e-01 2.680668497847285905e-02
8.425409302494435426e-01 1.818367696890047513e-01 3.353962121622684062e-02
8.475526048196360129e-01 1.728994079364633840e-01 7.413025421382226157e-03
8.524865202798559416e-01 1.555034396894996451e-01 4.021489805762605563e-03
8.574810042038077951e-01 2.006068831098749006e-01 3.997419101923216714e-03
8.625274263089646176e-01 1.815135514734059485e-01 2.671129855654093624e-02
8.675245284508311672e-01 1.681872383354488520e-01 -2.498125693623795465e-03
8.724893182407091885e-01 1.594609495452556924e-01 -4.567233961559482441e-02
8.774721006880088492e-01 1.490243553928406739e-01 2.525176285123919423e-02
8.824781156447413233e-01 1.707702041331121134e-01 -9.570699123876522108e-03
8.874595540954569595e-01 1.488545959966265930e-01 -2.445970626348866958e-02
8.924946553517479897e-01 1.342331814059829209e-01 2.050976587015253261e-02
8.975478380653373334e-01 1.404615974012376756e-01 -2.606647790065026032e-02
9.025072192470299237e-01 1.205734428808383496e-01 1.921421913283966054e-02
9.074647804047671906e-01 1.452033860531006526e-01 -1.355702001724161734e-02
9.125276216389043293e-01 1.073800147975860347e-01 1.850425671008357198e-02
9.175654489314823969e-01 1.566705829132584160e-01 4.905341552470065918e-03
9.225040210196280288e-01 1.670542911198049374e-01 -2.941836978601236607e-02
9.274649349345547300e-01 1.161430990941990649e-01 7.587381916055405823e-03
9.324868719712484655e-01 1.579409253343629083e-01 3.139879322001091523e-03
9.375016110539382552e-01 1.174837290530172523e-01 2.470121816606257910e-03
9.424716917071948030e-01 1.495658899340322201e-01 2.605217741055269615e-03
9.474990761212710444e-01 1.423870007713158303e-01 2.750966014144584637e-02
9.525075911681692986e-01 1.165740568120683524e-01 1.394482642261298498e-02
9.574675710595634825e-01 1.432205796348269000e-01 8.342946747807776595e-04
9.624903057428336739e-01 9.948639637012256232e-02 1.356039251607826616e-02
9.675364381832723959e-01 1.236573730097322299e-01 2.619791565582558351e-02
9.724990590816093849e-01 9.099185213034380326e-02 1.690584293138197927e-02
9.774623181229004087e-01 1.450189826509820090e-01 -8.473140519755643571e-03
9.824997772572167110e-01 1.056034945849916584e-01 2.755446667663600559e-03
9.875545656100468417e-01 1.066023116685116123e-01 -1.045330120857993969e-02
9.925346890080131157e-01 1.237890389183657625e-01 1.009599169144747774e-02
9.975070331244173527e-01 9.986842863570304096e-02 -2.182968944328834635e-02
1.002498770764472802e+00 8.130556184645361395e-02 3.046122375582168296e-03
1.007506200378980088e+00 1.181601243326332457e-01 -7.701735031608787987e-03
1.012495559833831660e+00 8.801960162055982861e-02 1.500565487485946460e-02
1.017503908866539408e+00 9.859992601706756010e-02 2.742416337273782811e-02
1.022514394396538462e+00 7.532005178576525739e-02 -3.201997779839698549e-02
1.027473577884819855e+00 1.088675720283465292e-01 -1.967899866211059862e-03
1.032488007762135895e+00 1.256966789399991680e-01 1.822432523285230643e-02
1.037540910373357050e+00 2.156611287348186509e-02 -6.123328040230933966e-03
1.042524992865205613e+00 1.089725619253877620e-01 3.413617696455159556e-02
1.047496448742833319e+00 7.989841724548213397e-02 -8.483845166718649577e-03
1.052489723011072353e+00 9.482349924608379776e-02 3.094473994675883688e-03
1.057529570581920098e+00 2.732251859506333244e-02 -7.454789084273387607e-03
1.062518130822190932e+00 7.137004143492547970e-02 -1.496907775882852162e-02
1.067492553025169988e+00 9.281447929957134524e-02 -2.364995472631195193e-04
1.072514417404221376e+00 7.581350473509161636e-02 8.907994359717008592e-03
1.077496685713146496e+00 9.594485948682390797e-02 3.429517502039480716e-03
1.082487844389595777e+00 9.648348080955136685e-02 1.416778805089960978e-02
1.087517338614010676e+00 4.630175438211322353e-02 1.109335600759968343e-02
1.092548835994813006e+00 5.681598335631056484e-02 5.108107159556194397e-03
1.097497870010857079e+00 1.827229538517463961e-02 -2.492691173040184833e-04
1.102442234435279556e+00 4.759387358826245445e-02 -6.292514998907774125e-03
1.107498110094682131e+00 9.394327455040371588e-02 5.321900633283025480e-04
1.112540105583508687e+00 2.350214514605564534e-02 -2.061663410418463835e-02
1.117505892961435432e+00 9.886897604821261176e-02 3.118952470954695216e-02
1.122505655337368458e+00 6.848014407807365145e-02 -2.424634099885282067e-03
1.127503215581863394e+00 7.893373801817744895e-02 -2.167443169272403533e-02
1.132494129764635371e+00 3.049596724853926438e-02 3.073772607712198929e-02
1.137497256809587798e+00 7.579409991704011418e-02 -1.647547276802019747e-02
1.142527052399778142e+00 4.030050433452538744e-02 1.895869381420268659e-02
1.147507445986783559e+00 6.067322006268643930e-02 -1.633234524824613704e-02
1.152458228647123883e+00 8.454631945307725105e-02 1.548486652935364416e-02
1.157471264758792362e+00 -1.791745885551589146e-02 1.539371559019220466e-02
1.162519315116649077e+00 6.147582741943641294e-02 -9.802710677250791108e-03
1.167507685974803922e+00 3.450111741779266633e-02 1.685662385512967307e-02
1.172483817401771544e+00 1.881267113759415091e-02 -4.697609579954098794e-03
1.177500953150747431e+00 6.167538105523438091e-02 2.200521028328561793e-02
1.182513264825158172e+00 2.091213987954360781e-02 2.198990903546588216e-02
1.187500052400491501e+00 -1.893586862119047212e-02 -1.789319291049750252e-02
1.192500809460080191e+00 3.186906801703707354e-02 1.606988076679206337e-03
1.197494514228965690e+00 2.309555147851761331e-02 -3.558693290449807360e-03
1.202491163223595061e+00 5.223720453236906612e-03 -6.320939137554690973e-04
1.207496819733679727e+00 4.931719969159294864e-02 1.909458660087480150e-02
1.212518833360494597e+00 5.309240945662767330e-02 1.029150743337411272e-02
1.217514647803850547e+00 4.336917632433794773e-02 -1.392787450802964594e-02
1.222474992944385663e+00 3.680148246087110164e-02 3.138539367869493633e-03
1.227492317396823962e+00 1.846305040712582432e-02 -4.572092899334856408e-03
1.232534837036345365e+00 4.029774316854841526e-02 -3.064536721203663713e-03
1.237528277128428611e+00 2.754008403583600023e-02 9.357330543550600871e-03
1.242488688180570788e+00 9.063652709939192670e-03 2.327933006178400151e-03
1.247490006978946964e+00 3.659764435183620462e-02 -2.633750912506671593e-02
1.252504806360081879e+00 4.979926842958264099e-02 3.585748453505512717e-02
1.257500192399624295e+00 -1.959070279556335281e-02 -4.238160713584519790e-02
1.262515137146281941e+00 7.999501422037078036e-03 -9.651342976701948739e-03
1.267534320784527546e+00 -1.545718909224581827e-02 1.851357149090761614e-02
1.272505085023767135e+00 2.233769941931314923e-02 -8.251665620140539656e-03
1.277504009787307382e+00 4.988679055356701891e-02 2.274160808186029628e-02
1.282539679173874791e+00 3.143136692113571856e-02 4.432404544086539916e-02
1.287540449305639489e+00 8.691051506548982952e-02 -8.171721181151787861e-03
1.292476777621742956e+00 3.751328398325490254e-02 -2.384335208895398475e-02
1.297469074021373237e+00 -8.686194496361848705e-03 4.142866583752020937e-02
1.302519494298144398e+00 4.007250133476344262e-02 -9.704875023158443872e-03
1.307535772694660370e+00 2.125261996483949860e-03 -2.032932269643551726e-02
1.312496027196192294e+00 -1.664258836445927162e-02 1.005947224552718698e-02
1.317486540505191206e+00 -1.387896415830613787e-02 -1.696102623755129518e-02
1.322510300058140409e+00 2.968506860922168547e-02 -1.871040279329762995e-02
1.327502261686310137e+00 2.569569520196611848e-02 -2.510096681825839393e-02
1.332489506615674113e+00 1.368467499559507770e-02 -7.292198346304205533e-03
1.337522470453180068e+00 1.316419900679369377e-02 -1.291169223223615804e-02
1.342514091668604470e+00 2.940914457666074511e-02 1.364545547814758827e-02
1.347482631657350938e+00 1.283593888007833039e-03 9.791268918429865686e-03
1.352513692146456670e+00 -4.111323336193705748e-03 3.469810417509623050e-03
1.357533627830272982e+00 -3.130024953094702467e-03 -6.132682364900970094e-03
1.362503586022334900e+00 -1.623846020253890982e-03 -6.970291244296991477e-03
1.367490843640743581e+00 -5.283803246473051801e-02 2.781352133081825464e-03
1.372511269604600681e+00 -2.237391793091135983e-04 9.070877346866939445e-03
1.377512663824161265e+00 -1.511290412593518408e-02 1.774883884764060990e-02
1.382486813688863947e+00 -4.975916645025276613e-03 -1.099454707067751627e-02
1.387495889226808110e+00 -1.956704802798119730e-02 -3.548758540629457382e-05
1.392505456282616239e+00 2.386787865265750305e-02 -1.440483024152284033e-02
1.397484791046613273e+00 6.168222102751351812e-03 -2.207870463450830462e-02
1.402490176143483813e+00 3.150483706285919869e-03 -6.050209056698076758e-03
1.407531815581354984e+00 7.979169885244096275e-03 -1.959297226980224668e-02
1.412523090059538911e+00 -1.678255909963529031e-03 2.429763190671277526e-03
1.417470237585527482e+00 2.333194557727103630e-02 2.079119632303095752e-02
1.422481446964255047e+00 3.885142245006169281e-02 -3.432661835568637243e-02
1.427522490986277370e+00 -4.867318899765650519e-02 -2.223591190012801089e-02
1.432506773248589660e+00 4.926788873930703500e-03 2.028296978010168949e-02
1.437482152676767155e+00 2.543293592487035418e-02 1.862056016595115340e-02
1.442510296161722216e+00 -1.560413764819071217e-03 -1.268175032156662087e-02
1.447501085436458279e+00 1.374866171234007638e-02 2.662545971915589865e-02
1.452484542592274330e+00 -2.319655747928995758e-04 -3.499855030768724007e-02
1.457523527930187912e+00 -2.689804821744512173e-02 1.031521949934064222e-02
1.462527692555643855e+00 -1.468868325681906006e-02 -2.013763697801205718e-02
1.467470865250338319e+00 2.364911746904637888e-02 7.959172776886340450e-03
1.472475366460550106e+00 3.588453429956504209e-02 -6.285420414488370388e-04
1.477526472524137047e+00 8.955424420407675709e-03 -4.183421944959605891e-03
1.482538893305022087e+00 2.889341344052920660e-02 2.043439130309372687e-02
1.487497515469307308e+00 1.005796494180160976e-02 7.154557591576674556e-03
1.492483525866932004e+00 -3.783070057983239877e-04 5.436588733446900447e-03
1.497515867534237932e+00 -1.029718679829096963e-02 -1.499085955871312659e-02
1.502515344543103648e+00 -1.410197515851797923e-02 -2.198582659796593369e-02
1.507507468528652250e+00 8.387930911018725774e-03 1.371844250996138471e-02
1.512513902105389718e+00 -4.340158598397519246e-03 -1.204458356484215328e-02
1.517496481001598951e+00 6.378532603267642043e-02 4.713207830816228822e-03
1.522484644024807876e+00 1.149583294188279148e-02 1.631695921404996072e-02
1.527504855990671206e+00 1.628398779509551177e-03 -1.807689929338087212e-02
1.532531147839254482e+00 1.837134591456340144e-02 2.367952835202190645e-02
1.537494635973614576e+00 -7.317449730109693365e-03 -2.394945396878455507e-02
1.542468949914497678e+00 -1.632942526757048818e-02 -8.347493732289427981e-03
1.547521714506478130e+00 1.067238516050323868e-02 -3.425950229706105354e-02
1.552522707395029844e+00 -2.193874978608794171e-02 -1.291690609294549388e-02
1.557491615039481969e+00 -1.556461106321894647e-02 9.882551168336688174e-03
1.562487101382902699e+00 1.756998229605026551e-02 -1.904946005662360581e-02
1.567499036092217191e+00 4.407575245023342275e-02 -3.410674898915775407e-03
1.572506495183822350e+00 -1.040921040436957982e-02 1.108336342340666449e-02
1.577504454097702347e+00 1.659330500295280774e-03 -2.378705983591081208e-02
1.582531417734013068e+00 -8.569789610969068272e-03 -4.546800502729211879e-02
1.587526479681066860e+00 2.904158906664866535e-02 -5.478281422505187730e-03
1.592472073195351889e+00 1.560668703564989900e-02 1.435582814395089911e-02
1.597494157760317446e+00 -9.733135547996955503e-03 8.892509858679042631e-03
1.602541434735287096e+00 -1.038341620582322600e-02 1.187981152225097738e-02
1.607518074269043806e+00 -2.007853694431030456e-02 -4.234738493476671028e-02
