# Propagator = cross power / initial power /(Gf*b) 
# Gf = 0.61207 
# b=1.4 
# 
# k 	 	 	 Propagator (mu=0.05) 	 Propagator (mu=0.95)
0.000000000000000000e+00 nan nan
6.283185444772243500e-03 1.102703491903510358e+00 9.271782448927787801e-01
1.256637088954448700e-02 9.590098270420549520e-01 7.732325553985126554e-01
1.966525241732597351e-02 1.055891716210923370e+00 9.609330196171474991e-01
2.083896659314632416e-02 1.033582595591528097e+00 1.066641580287628788e+00
2.615409799747996783e-02 1.039572385875793037e+00 1.023892334376363511e+00
3.337243713793300315e-02 1.040977882170057489e+00 9.704907862813860753e-01
3.880443309362117954e-02 1.018710576143810664e+00 1.070104111994468532e+00
4.236900824166479895e-02 1.016452353943021025e+00 9.546672274726567542e-01
4.712833410927227268e-02 9.825190689318362702e-01 1.000408619460203319e+00
5.249325669295078906e-02 9.842645313434299492e-01 1.015475156843201221e+00
5.793494871921009426e-02 9.697439472795983395e-01 9.419029472003546122e-01
6.273677498102188388e-02 9.619914431834990509e-01 9.982259426743351760e-01
6.751902166165803243e-02 9.664229138599426117e-01 9.531975800309029356e-01
7.253747781117757254e-02 9.613014804338014807e-01 9.502991381831789042e-01
7.742520265373183108e-02 9.566216012322413809e-01 9.890837454848069310e-01
8.265626833719365296e-02 1.013807639942167826e+00 9.276652907360054545e-01
8.799044104273785749e-02 9.566536450853032614e-01 9.776837272681537794e-01
9.246685121501430071e-02 9.359166731468711031e-01 9.832833399947629172e-01
9.705377946938237299e-02 9.351053453141391358e-01 9.752669406419501863e-01
1.025626622390427012e-01 9.819906321635819557e-01 9.310520816852931869e-01
1.078756042074837107e-01 9.481004788695339691e-01 9.569245577309184458e-01
1.126498889503062956e-01 9.425883809344606235e-01 9.533907451401616440e-01
1.174311258295584054e-01 9.249560800795463278e-01 9.555010675411149679e-01
1.224265294149518013e-01 9.384450673839805912e-01 9.549422347724230153e-01
1.274705401188890586e-01 9.420005822976484922e-01 9.094441074316806928e-01
1.325767932299575236e-01 9.282195932149824857e-01 9.364409846081332978e-01
1.377046334500215408e-01 9.320312925051349451e-01 9.513782457025221628e-01
1.425797256916889189e-01 9.192508543368184126e-01 9.501360877690187001e-01
1.473307137338208395e-01 9.458475578888169144e-01 9.369413329109964605e-01
1.524089232036278108e-01 9.615825323246978140e-01 9.325168612789092037e-01
1.575936262424175449e-01 9.040607504012803108e-01 9.262146234408736856e-01
1.625684273167739557e-01 9.131437367905027580e-01 9.303027539174048011e-01
1.673352439543579206e-01 9.033124340902204397e-01 8.988107473625377430e-01
1.724435356781654771e-01 8.958259481308951111e-01 9.382905236417026229e-01
1.775138082747495516e-01 9.099596645306923248e-01 9.124307556187036816e-01
1.824936165467842542e-01 8.925372927278788504e-01 8.868321377052387211e-01
1.876230745866734606e-01 8.784549564451311632e-01 9.113389007310249701e-01
1.926019267409309899e-01 8.965861139627095966e-01 8.930963284763598908e-01
1.974749358892440854e-01 8.935047925170415128e-01 8.691029462351216317e-01
2.025059394667107493e-01 8.886752373774166047e-01 8.894411351544599942e-01
2.076213928450525437e-01 8.751262772548232816e-01 8.709255201291647985e-01
2.126848777117378297e-01 8.555329546004157848e-01 9.056281096754864590e-01
2.173658659764095835e-01 9.180116820168160441e-01 8.494810954520487511e-01
2.223124144980626049e-01 8.827828610584490532e-01 8.523061962978616402e-01
2.275980139083235709e-01 8.755175598884344934e-01 8.733093873346617908e-01
2.326984049010097644e-01 8.291381890415544520e-01 8.777275397297811255e-01
2.375650852918624878e-01 8.565890472894285290e-01 8.504134281384293503e-01
2.424471662879663647e-01 8.736978768951402241e-01 8.372983022433638789e-01
2.474402878312357557e-01 8.694497606607902718e-01 8.501940189739612963e-01
2.524844791311205983e-01 8.564199697852377113e-01 8.249204578061517523e-01
2.575087911793679796e-01 7.995503171692255329e-01 8.360706204633577832e-01
2.625372643277745777e-01 8.107080000016982924e-01 8.538069105126421254e-01
2.674488866967814071e-01 8.446138737018067388e-01 8.340008268469168984e-01
2.724593739789928915e-01 8.224263863102259098e-01 8.413323193953519130e-01
2.775641303955593275e-01 8.269244994814851646e-01 8.179044480559655161e-01
2.826432385118166080e-01 8.332418276922400890e-01 7.964986317957085671e-01
2.875503792569830130e-01 7.899438879238412925e-01 8.064730560407022963e-01
2.923732014067137452e-01 8.234329260548367557e-01 8.221652072333354155e-01
2.974952666855347760e-01 8.304709121890694323e-01 7.933970848154215938e-01
3.025732013669680809e-01 8.162622057519174357e-01 7.946419579245816989e-01
3.075143514540406020e-01 7.771165297208323386e-01 8.040138539071532975e-01
3.124966426471657011e-01 7.439862602505805667e-01 8.044094746055713285e-01
3.174072768953111190e-01 7.698821313369003105e-01 7.927152562476643682e-01
3.224348160175661282e-01 7.886423234852090181e-01 7.830751741831861734e-01
3.275598108276601694e-01 7.713839788724368152e-01 7.900301451631162042e-01
3.325990246228963110e-01 7.267463992327188871e-01 7.526758653459559856e-01
3.375370221613464561e-01 7.492028142135945812e-01 7.922245977797036653e-01
3.423908650875091553e-01 7.697169361082131234e-01 7.445254725271026608e-01
3.475243191869839543e-01 7.344294360691300261e-01 7.322583181424815457e-01
3.526204999699686371e-01 7.529787367733027370e-01 7.559498676241165338e-01
3.575124336588222929e-01 7.133164940132825649e-01 7.416675326098611798e-01
3.624529507249891758e-01 7.259885445168781093e-01 7.309355283485461374e-01
3.675498033998199077e-01 7.314399565548065363e-01 7.233593989483917408e-01
3.725565723788115124e-01 6.998551909834681561e-01 7.394355717898336566e-01
3.775251786629579276e-01 7.278158799948849511e-01 6.905255952756954585e-01
3.825444652793112965e-01 7.235945404432092554e-01 7.068598350602147695e-01
3.875508754889763208e-01 6.890997398555899212e-01 6.893440674535491475e-01
3.924682142798170958e-01 6.892696957945895209e-01 7.038679194959036600e-01
3.974941700298004754e-01 6.571972674693847827e-01 6.893660090117187389e-01
4.025866373866981984e-01 6.698740975516668250e-01 6.631726483886122292e-01
4.075887755798262013e-01 6.944818068333005190e-01 6.896749659681441491e-01
4.124387292400701899e-01 6.337715945983698473e-01 6.772996784284955885e-01
4.174253062056980657e-01 6.844848048618373815e-01 6.466181837694179313e-01
4.225546355249569785e-01 6.533977383058086064e-01 6.415080639504472382e-01
4.275452816423644387e-01 6.441676948665112645e-01 6.469901031814594417e-01
4.324870259514822513e-01 6.104200293307612268e-01 6.250687385564440701e-01
4.374941021952427067e-01 6.047388521939405237e-01 6.220161438548240662e-01
4.424580192915391619e-01 6.316473501030405169e-01 6.209300904423583622e-01
4.474873585360391037e-01 6.037609622654581676e-01 6.443788053048445930e-01
4.525427790726901378e-01 6.399097163422353685e-01 6.074431950991444618e-01
4.575593464439344782e-01 6.014920980198229516e-01 6.323945977302517507e-01
4.625082838588746026e-01 5.647140689040049955e-01 6.005538087595109209e-01
4.674851712490562528e-01 5.758714565440437028e-01 5.989455720084676527e-01
4.725601238591832232e-01 5.879946197114889195e-01 5.633937450748510711e-01
4.775950511331215620e-01 5.587414118843455624e-01 5.339501943357054525e-01
4.825206461098862643e-01 5.374028157028031272e-01 5.768398187187563364e-01
4.874402719946088758e-01 5.181899396473035324e-01 5.075359563230288362e-01
4.925200592223242801e-01 5.776530034299801608e-01 5.555503859894078689e-01
4.975365839949369429e-01 5.524973105310929666e-01 5.363310426192287039e-01
5.025037984965704529e-01 5.308799928941940749e-01 5.199854751873471681e-01
5.075572147114322252e-01 5.332707209034213136e-01 4.972182643441724337e-01
5.125228407051584112e-01 5.323421636414152891e-01 4.954793848500140263e-01
5.174458511383320802e-01 5.032502332888102448e-01 5.293140428662705954e-01
5.224853814923644535e-01 4.988915861901776494e-01 4.909117937560325551e-01
5.275609551402401509e-01 4.935885991605702405e-01 4.715775100591096947e-01
5.325420008272679917e-01 4.752225434278309901e-01 4.630503349860496942e-01
5.374675898959762055e-01 4.383554860543469323e-01 4.519535950946045877e-01
5.425177179641491598e-01 4.246614798225398779e-01 4.750840330322556038e-01
5.475863309874955398e-01 4.347016147682202791e-01 4.384983866319076551e-01
5.525582752687024923e-01 4.244619898284753279e-01 4.316411243718734636e-01
5.574804428102063669e-01 4.124731971682680243e-01 4.351064835058422453e-01
5.625139044293676616e-01 4.059298897364482794e-01 4.411156181882254779e-01
5.675041312924480330e-01 4.215973976778541465e-01 4.283716579666947966e-01
5.724970027042484144e-01 3.999377800077159040e-01 4.199406798255888029e-01
5.775357342201695721e-01 3.967299766768622726e-01 4.125702806215833518e-01
5.824921194047679718e-01 4.195728530978470872e-01 4.061193081518286174e-01
5.873923130614447929e-01 3.509730621950751250e-01 3.864104224961245615e-01
5.924653629231656504e-01 3.770828068565222346e-01 3.849059426850971466e-01
5.975679196835719242e-01 3.771819971483285627e-01 3.383597980464196908e-01
6.025605786437938649e-01 3.757646950027187516e-01 3.567346081436545413e-01
6.074636804380586508e-01 3.402768073646602609e-01 3.304497765074788651e-01
6.124551004112357422e-01 3.329733805515735501e-01 3.513096885572982164e-01
6.175199954051294737e-01 3.346156970363049488e-01 3.210794319857280810e-01
6.224915962426643690e-01 2.868537755598473682e-01 3.485743018102552271e-01
6.274915557171136804e-01 2.994490442503248695e-01 3.167393678537412383e-01
6.325034887796818772e-01 3.085409253227146542e-01 2.895910353524841496e-01
6.374674518004223023e-01 2.768883614247528713e-01 3.200232271757748603e-01
6.424993050208196443e-01 2.862266425937510794e-01 2.835098113801120534e-01
6.475698107053261543e-01 2.936743318587696772e-01 2.844037240231515051e-01
6.525659580633673684e-01 2.717907236347093525e-01 2.704649905970479273e-01
6.574593256037588596e-01 2.528889774397567458e-01 2.944584836696518826e-01
6.624271988612899786e-01 2.545890888213936942e-01 2.719571311581480133e-01
6.675417019271585595e-01 2.309769346088364206e-01 2.511126131153848529e-01
6.725772533782964357e-01 2.406014966097177188e-01 2.296836354074581754e-01
6.774730984886959684e-01 2.370900995541939116e-01 2.448080067311633190e-01
6.824530178335233011e-01 2.521157269048834859e-01 2.465971117119094558e-01
6.875280661592433340e-01 2.180971731684918091e-01 2.338557031662534258e-01
6.925230179389753049e-01 1.912912703406507431e-01 2.322964128230889380e-01
6.975295769925410339e-01 2.320015180376130692e-01 1.976536781469603599e-01
7.025568770724331946e-01 1.723681535044761515e-01 2.159753761734168886e-01
7.074922850739089331e-01 1.861739398892089115e-01 1.901938447777724861e-01
7.124622482418867531e-01 1.570818541889016651e-01 1.688741612834561978e-01
7.175452271531412851e-01 1.625504120612658865e-01 1.581716437469576075e-01
7.225717784613484573e-01 1.894653959910136132e-01 1.721823127459505831e-01
7.275089624579016423e-01 1.874045541293125616e-01 1.630026109242471155e-01
7.324600466513193631e-01 1.663308823396196789e-01 1.821297968330089778e-01
7.375197398421006190e-01 1.473642526988570289e-01 1.674226911164482245e-01
7.425451223097148112e-01 1.331809980276962846e-01 1.391227032563628063e-01
7.474842697394677993e-01 1.584402527569545305e-01 1.241375070825823101e-01
7.524852851764070039e-01 1.044127993807900112e-01 1.180281432148494181e-01
7.575207617909872626e-01 1.064418060660130005e-01 1.322078302986438858e-01
7.624899512647149713e-01 1.320305742720269682e-01 1.744929452129757030e-01
7.674945370763794905e-01 1.421110745849132884e-01 1.190630507446078373e-01
7.725794383408772781e-01 1.122586002800642357e-01 1.487127644264970849e-01
7.775418725495999439e-01 1.041671335156714728e-01 9.983617081463122545e-02
7.824517841248074257e-01 1.041063524590920275e-01 9.126237108566423450e-02
7.874633419998022799e-01 9.202279336856927783e-02 1.048984974702371481e-01
7.925074945210605071e-01 8.854979051492270492e-02 8.858783684486122578e-02
7.975320939675887288e-01 8.574360588824016249e-02 1.106405566179665956e-01
8.025077203392373404e-01 8.573830403589800808e-02 5.010676089034837855e-02
8.075165978041417558e-01 6.954826673507476242e-02 7.976613370305621342e-02
8.125398262220836498e-01 6.612990548836297777e-02 1.125894325931892509e-01
8.174920854857439245e-01 7.344039974621043021e-02 7.940998884777540623e-02
8.225112352578536346e-01 5.337756357784532307e-02 5.910154300908479486e-02
8.275561555342915154e-01 5.984373663226581763e-02 2.609968319675924284e-02
8.324952800697255073e-01 6.383619578067213640e-02 4.348590147745427098e-02
8.374585586194417397e-01 7.602728028398231253e-02 7.289259106000747779e-02
8.425409302494435426e-01 2.868332032263263415e-02 4.156888340761101530e-02
8.475526048196360129e-01 5.157978668255300270e-02 1.746916913450106273e-02
8.524865202798559416e-01 5.204210282031049295e-02 4.816450256358524584e-02
8.574810042038077951e-01 4.723390345357051517e-02 9.799526947310305963e-03
8.625274263089646176e-01 4.258298361552171479e-02 4.020332957339733948e-02
8.675245284508311672e-01 2.077542506194471686e-02 4.001126629774752474e-02
8.724893182407091885e-01 4.156865273915485992e-02 4.440770270171059270e-02
8.774721006880088492e-01 3.537351117994284866e-02 1.409825342775299258e-02
8.824781156447413233e-01 4.235143421035576783e-02 1.796755228925692172e-02
8.874595540954569595e-01 2.240314317002449832e-02 3.269853599043693465e-02
8.924946553517479897e-01 6.002291848128272350e-03 2.546506337587974358e-02
8.975478380653373334e-01 4.584011818220040148e-03 1.817414944050388392e-02
9.025072192470299237e-01 9.273154143687399251e-03 1.343379861479583777e-02
9.074647804047671906e-01 2.360334826760483729e-02 2.445654805909064713e-02
9.125276216389043293e-01 9.229701379388744256e-03 2.057729795847811419e-02
9.175654489314823969e-01 1.216072315123976726e-02 3.109654090243987954e-03
9.225040210196280288e-01 8.192076727297834329e-03 2.407237396348603509e-02
9.274649349345547300e-01 9.283629454990654367e-03 3.401998224231653906e-02
9.324868719712484655e-01 7.892990623081764037e-03 3.019189195576243642e-02
9.375016110539382552e-01 -8.853740750394268125e-03 1.226639732645635333e-02
9.424716917071948030e-01 -1.874832329309518777e-03 8.473198442908010325e-04
9.474990761212710444e-01 -1.220788272506292916e-03 -6.545611398723858408e-03
9.525075911681692986e-01 4.039330589601761168e-02 -3.303769633608395588e-03
9.574675710595634825e-01 1.372525075773676877e-02 1.758638768005149622e-02
9.624903057428336739e-01 1.805446522777072807e-02 -1.575159807980203814e-03
9.675364381832723959e-01 -2.310414722641211324e-02 5.326594292153437327e-03
9.724990590816093849e-01 -2.940277076923709411e-03 2.951245335318667534e-02
9.774623181229004087e-01 7.430248153195276317e-03 -1.459432840857333678e-02
9.824997772572167110e-01 -3.184028567950979161e-02 3.357458683654730280e-03
9.875545656100468417e-01 4.065077487911387781e-03 -2.033967273215401064e-02
9.925346890080131157e-01 -1.219290124929033568e-02 -1.023365276342961053e-02
9.975070331244173527e-01 -1.359271051273518507e-02 1.846135385386278582e-02
1.002498770764472802e+00 -1.953031667132364493e-02 -8.850261005577316278e-03
1.007506200378980088e+00 2.422208602518046566e-02 -4.041310490574107073e-02
1.012495559833831660e+00 6.734622946745849690e-04 4.562327619675588322e-03
1.017503908866539408e+00 -2.877160140394820556e-02 1.209679565288215288e-03
1.022514394396538462e+00 -2.713338450665497142e-03 1.013335510700277310e-02
1.027473577884819855e+00 -6.510047049407000769e-03 -2.461232562047821482e-02
1.032488007762135895e+00 -5.227207122030561211e-03 -2.918602258389372140e-03
1.037540910373357050e+00 -1.226138060063500235e-02 1.895577481183865608e-03
1.042524992865205613e+00 -4.180928619124666540e-02 -8.335339631452134274e-03
1.047496448742833319e+00 -2.545228298920306290e-02 -2.138323628944715712e-02
1.052489723011072353e+00 -2.245897636341233003e-02 1.845078954486228245e-02
1.057529570581920098e+00 -6.377510187752441495e-03 -2.690259127128793570e-03
1.062518130822190932e+00 -1.966914406181390421e-02 -3.933018362760016401e-03
1.067492553025169988e+00 -2.813400893347926118e-02 -4.078029585557477014e-03
1.072514417404221376e+00 1.029618831224566981e-03 -5.177251862289291955e-03
1.077496685713146496e+00 -3.757837602968359687e-03 -3.932898731246658921e-04
1.082487844389595777e+00 -1.798574916057061115e-02 -2.678988215959511327e-03
1.087517338614010676e+00 1.899793198755360749e-02 1.589077245116482864e-02
1.092548835994813006e+00 -1.806695531658774386e-03 -1.232469544594573529e-02
1.097497870010857079e+00 -4.454819544161460476e-02 1.856593067898256941e-02
1.102442234435279556e+00 -4.222523281515694164e-03 -1.223318086775472373e-02
1.107498110094682131e+00 -8.036350555782428157e-03 -6.134992036085734797e-03
1.112540105583508687e+00 -3.972755299783611860e-02 -2.457818798355360795e-02
1.117505892961435432e+00 -7.854184754886191916e-03 -2.699257405418595268e-02
1.122505655337368458e+00 -3.761653265928854243e-03 1.490955629413735946e-02
1.127503215581863394e+00 2.446467788248599118e-02 -8.876681708122250922e-03
1.132494129764635371e+00 1.696948049376035064e-02 6.679088291792821368e-03
1.137497256809587798e+00 -9.877023505026076913e-03 7.522327202308800448e-03
1.142527052399778142e+00 5.514794710958331216e-03 9.469683191721691914e-03
1.147507445986783559e+00 -2.798104385802492947e-02 7.815135358647799790e-03
1.152458228647123883e+00 3.061844569456359435e-03 1.386760130988555668e-02
1.157471264758792362e+00 5.874683650730550509e-03 -5.558995038488955464e-04
1.162519315116649077e+00 -2.733403831509712001e-02 -3.735048857489687429e-02
1.167507685974803922e+00 -1.962614668941779772e-02 -5.248506932840475009e-03
1.172483817401771544e+00 -1.486415955095156047e-02 4.858050868639680192e-04
1.177500953150747431e+00 -9.370473225935963338e-03 -3.445771252130474388e-02
1.182513264825158172e+00 6.192231610552641728e-03 9.577290705505323021e-03
1.187500052400491501e+00 -1.193294174482116728e-02 -2.573803549740748264e-02
1.192500809460080191e+00 -7.033575681239707250e-03 -1.666098077304191058e-02
1.197494514228965690e+00 -2.309993183572875766e-02 -7.234539033372841717e-03
1.202491163223595061e+00 -2.190525425611944584e-03 1.190101633073918121e-02
1.207496819733679727e+00 -1.316418757153850830e-02 5.409377399155611277e-03
1.212518833360494597e+00 1.222200599414642770e-02 2.719753350757468310e-02
1.217514647803850547e+00 -6.211377406851958070e-03 5.968859237676707279e-03
1.222474992944385663e+00 -1.479850133452384996e-02 -1.428594923222752458e-02
1.227492317396823962e+00 1.697154459523414483e-02 -5.290331502377079720e-03
1.232534837036345365e+00 -1.922949793418927966e-02 -1.152771215936083428e-02
1.237528277128428611e+00 1.323945476825233274e-02 -1.902547374950233974e-02
1.242488688180570788e+00 -1.993740237812683530e-02 1.200886538014589097e-02
1.247490006978946964e+00 -1.977301541166463089e-02 1.014170539926387456e-02
1.252504806360081879e+00 2.101218339119620068e-02 -3.779615725759823824e-03
1.257500192399624295e+00 -2.872142002702046757e-03 7.117304841197169725e-03
1.262515137146281941e+00 -2.911882236903800582e-03 -1.024818397842357579e-02
1.267534320784527546e+00 -9.568856940259658911e-03 -1.055834304358626956e-02
1.272505085023767135e+00 1.972023192725643956e-02 3.919242457959523467e-03
1.277504009787307382e+00 -1.003149618110873997e-02 -1.973857910848222583e-02
1.282539679173874791e+00 -2.245123860341121519e-02 3.570100851071527151e-03
1.287540449305639489e+00 -1.310722432533902720e-02 -1.187171764276933467e-02
1.292476777621742956e+00 -2.165388131107193193e-02 1.296163156570852813e-02
1.297469074021373237e+00 6.136049186170993743e-03 -6.997493332001073797e-03
1.302519494298144398e+00 -2.022064667613424679e-03 5.548913314516633159e-03
1.307535772694660370e+00 1.956660379513787060e-02 1.246552565647437473e-03
1.312496027196192294e+00 9.694896167352947194e-03 1.090653191679411861e-02
1.317486540505191206e+00 -6.958622565284340415e-03 2.895973352308541665e-02
1.322510300058140409e+00 3.146150829957092103e-03 2.730514473627965264e-03
1.327502261686310137e+00 -1.571350545598750731e-02 -1.131113167453096091e-02
1.332489506615674113e+00 -2.230481106176383788e-02 2.316791910146632008e-03
1.337522470453180068e+00 -1.761665952580906275e-02 -1.840099555180122262e-02
1.342514091668604470e+00 -2.307711849811002001e-03 -3.508744613059084239e-03
1.347482631657350938e+00 -1.679197549476291185e-02 -1.947242799063401628e-02
1.352513692146456670e+00 1.065269924379099245e-02 1.568688711278997663e-03
1.357533627830272982e+00 -4.858401349723011006e-03 2.977666932722189321e-03
1.362503586022334900e+00 -5.227610525454753215e-03 -1.966983594381472092e-02
1.367490843640743581e+00 1.762926191268236742e-02 -1.491593887347152612e-03
1.372511269604600681e+00 -5.942322071792692333e-03 -2.188555686565128028e-02
1.377512663824161265e+00 1.554966103272086703e-02 1.080379686223978918e-02
1.382486813688863947e+00 -8.213609341081819226e-03 -1.521733567349337415e-02
1.387495889226808110e+00 -4.291778487107175341e-03 -3.421872590392699420e-03
1.392505456282616239e+00 2.417081662362580499e-02 1.535226693552819554e-03
1.397484791046613273e+00 1.664382013324638976e-02 -5.547205562483269528e-03
1.402490176143483813e+00 -3.413254497012752769e-02 1.667585675097778275e-02
1.407531815581354984e+00 -2.800017303741225705e-02 -1.764769564386423073e-02
1.412523090059538911e+00 -2.219757007712083383e-02 -1.710134293774977915e-02
1.417470237585527482e+00 -3.938224248535718633e-03 -1.473235603246983438e-02
1.422481446964255047e+00 -1.561061776531920756e-02 1.522412111816163170e-02
1.427522490986277370e+00 -1.345850277154341142e-03 8.144632825552913097e-03
1.432506773248589660e+00 -2.547016175560835177e-02 -5.409659742679660648e-03
1.437482152676767155e+00 6.404732008409494241e-03 -8.614500685908613523e-03
1.442510296161722216e+00 -1.593355354106769026e-02 -3.026575443053954387e-02
1.447501085436458279e+00 3.703154949195818467e-03 -9.321744551964316131e-03
1.452484542592274330e+00 -2.079639397887206136e-03 1.237752154664361935e-05
1.457523527930187912e+00 2.085165932948672765e-02 -1.682358537881209828e-02
1.462527692555643855e+00 -5.282105087648739788e-02 -8.994053374748282870e-03
1.467470865250338319e+00 1.902834842578979974e-02 1.344993274858566172e-02
1.472475366460550106e+00 2.360890853696184094e-02 2.595214746698737418e-02
1.477526472524137047e+00 -2.003270802898213937e-02 -1.018867449163216206e-02
1.482538893305022087e+00 -2.035290485880030323e-02 2.353802942835725789e-02
1.487497515469307308e+00 -2.767583865454596379e-02 4.577990214474474302e-03
1.492483525866932004e+00 1.661831401589420470e-02 -5.795461463308546925e-03
1.497515867534237932e+00 8.398042385129271883e-03 2.177378765701669383e-03
1.502515344543103648e+00 -1.745216097958835269e-02 9.425581414017166620e-03
1.507507468528652250e+00 2.894931116496302081e-02 -2.307073095005567065e-02
1.512513902105389718e+00 1.391344608062262608e-02 -2.197812313972683732e-03
1.517496481001598951e+00 -2.442371396341398368e-02 2.237120561977992347e-02
1.522484644024807876e+00 -2.115653942580685010e-02 4.896864104080291165e-03
1.527504855990671206e+00 -9.610459914270503071e-03 2.205286918143059549e-02
1.532531147839254482e+00 -6.223817433748430814e-03 -1.255595732201839239e-02
1.537494635973614576e+00 -6.021583957585023052e-03 -3.331819837197070970e-03
1.542468949914497678e+00 -3.014786204530798749e-03 -1.519885913820074111e-02
1.547521714506478130e+00 8.599451799626851856e-03 -1.791783844985478727e-02
1.552522707395029844e+00 -2.967101972351144853e-02 1.360388951758791619e-02
1.557491615039481969e+00 1.287013593582492406e-02 1.807134128178371517e-03
1.562487101382902699e+00 1.921426079842230433e-02 4.733849512558832226e-03
1.567499036092217191e+00 -5.000078950939648888e-03 -8.665252183103454298e-05
1.572506495183822350e+00 4.433967045092065094e-03 4.358484614011052215e-03
1.577504454097702347e+00 1.453462209829792066e-02 3.201357830679563143e-02
1.582531417734013068e+00 1.511047853862099340e-02 -4.123541606407980786e-03
1.587526479681066860e+00 -2.126787406475938620e-03 8.578787091833321374e-03
1.592472073195351889e+00 3.117430317968742509e-03 1.824101834048464862e-02
1.597494157760317446e+00 -1.923049263640886491e-02 -1.958316969474202529e-02
1.602541434735287096e+00 -2.160127957668385446e-02 -2.042202117921870091e-02
1.607518074269043806e+00 2.287155310751919080e-02 3.268561428225538745e-02
