# Propagator = cross power / initial power /(Gf*b) 
# Gf = 0.61207 
# b=1.4 
# 
# k 	 	 	 Propagator (mu=0.05) 	 Propagator (mu=0.95)
0.000000000000000000e+00 nan nan
6.283185444772243500e-03 1.112387417675611889e+00 1.415224268299748678e+00
1.256637088954448700e-02 9.169328039102548900e-01 1.331994867226758084e+00
1.966525241732597351e-02 1.024491675849410699e+00 1.489366416316773245e+00
2.083896659314632416e-02 1.004139692011157381e+00 1.554926265940794305e+00
2.615409799747996783e-02 1.064725179054267334e+00 1.597232549327469719e+00
3.337243713793300315e-02 1.011099469554490815e+00 1.492689685593582505e+00
3.880443309362117954e-02 9.938647880810884683e-01 1.603095482624475210e+00
4.236900824166479895e-02 9.484702853434258119e-01 1.498914524966152850e+00
4.712833410927227268e-02 9.472654942697735780e-01 1.485139338645930618e+00
5.249325669295078906e-02 9.474716281256799766e-01 1.550011536047346983e+00
5.793494871921009426e-02 9.975442394462741280e-01 1.482126036926675550e+00
6.273677498102188388e-02 9.494297264271436276e-01 1.500854223649229713e+00
6.751902166165803243e-02 9.896092941855386682e-01 1.421869555869925916e+00
7.253747781117757254e-02 9.698977093955863937e-01 1.452643446482086098e+00
7.742520265373183108e-02 9.844693221075702105e-01 1.496385850480465463e+00
8.265626833719365296e-02 1.039578708200527446e+00 1.431735086886021913e+00
8.799044104273785749e-02 9.761925766431200913e-01 1.481980489957975822e+00
9.246685121501430071e-02 9.480698240572734692e-01 1.494094180438569675e+00
9.705377946938237299e-02 9.983450783443748033e-01 1.457488440438769572e+00
1.025626622390427012e-01 1.027198598125351525e+00 1.394766089272237997e+00
1.078756042074837107e-01 9.947015473219904536e-01 1.423223543765806509e+00
1.126498889503062956e-01 9.700117209039639254e-01 1.417368587286573778e+00
1.174311258295584054e-01 9.995313046951782576e-01 1.400400105304737242e+00
1.224265294149518013e-01 1.009565893299972927e+00 1.408303914896146924e+00
1.274705401188890586e-01 9.935738628696000330e-01 1.376127801739869261e+00
1.325767932299575236e-01 9.800543579889909873e-01 1.353830352312915819e+00
1.377046334500215408e-01 9.898318573280275867e-01 1.341230068504212225e+00
1.425797256916889189e-01 9.782791364937393208e-01 1.368045467575766505e+00
1.473307137338208395e-01 1.017646210597162204e+00 1.341748171236899712e+00
1.524089232036278108e-01 1.012011304517553612e+00 1.315460382977613030e+00
1.575936262424175449e-01 9.782803283737094846e-01 1.281816016863258190e+00
1.625684273167739557e-01 1.005260241972452784e+00 1.279691399888501113e+00
1.673352439543579206e-01 1.012132232762330775e+00 1.240790473452597853e+00
1.724435356781654771e-01 9.768445077989618142e-01 1.235460685692502558e+00
1.775138082747495516e-01 9.954248773140915718e-01 1.216463077579068131e+00
1.824936165467842542e-01 9.879502150456785925e-01 1.188046978325564940e+00
1.876230745866734606e-01 9.900793620577335030e-01 1.186049891131045531e+00
1.926019267409309899e-01 1.001823163522577165e+00 1.136877585906743482e+00
1.974749358892440854e-01 9.938175064647923884e-01 1.105844088332433639e+00
2.025059394667107493e-01 9.890627479595578420e-01 1.103461288567712639e+00
2.076213928450525437e-01 9.892202099600576615e-01 1.103034555765663116e+00
2.126848777117378297e-01 9.568945043704696340e-01 1.071919177874067763e+00
2.173658659764095835e-01 1.034432283163959854e+00 9.914327982437690645e-01
2.223124144980626049e-01 9.845363771216543158e-01 1.033059773485971444e+00
2.275980139083235709e-01 9.814013166416302170e-01 1.015063978853856463e+00
2.326984049010097644e-01 9.202682780278510499e-01 1.022821787228442858e+00
2.375650852918624878e-01 9.721345061231199125e-01 9.532778835153782326e-01
2.424471662879663647e-01 9.421066976670982029e-01 8.920878544663749521e-01
2.474402878312357557e-01 9.480577998557031538e-01 9.174439742086651917e-01
2.524844791311205983e-01 9.454479927874877010e-01 9.149895733223940564e-01
2.575087911793679796e-01 9.381916824360089224e-01 8.982928011632469456e-01
2.625372643277745777e-01 9.113926085395614995e-01 8.515269886039030789e-01
2.674488866967814071e-01 9.330829433412202167e-01 8.650223202041881221e-01
2.724593739789928915e-01 9.215808873176741800e-01 8.421184193495213632e-01
2.775641303955593275e-01 9.440380765418598941e-01 7.863511016993702807e-01
2.826432385118166080e-01 8.979562924172215244e-01 7.424120851184670133e-01
2.875503792569830130e-01 8.940413298500111683e-01 7.534958316873101580e-01
2.923732014067137452e-01 8.829334926029722697e-01 7.473252541049765219e-01
2.974952666855347760e-01 9.110674463418915181e-01 7.485240412372274887e-01
3.025732013669680809e-01 8.690021393011523321e-01 7.201246149310507327e-01
3.075143514540406020e-01 9.141853195573829138e-01 6.811944766241551097e-01
3.124966426471657011e-01 8.517843131596902762e-01 6.684621233642318305e-01
3.174072768953111190e-01 8.870169702302320713e-01 6.721315888592214183e-01
3.224348160175661282e-01 8.622866135794500231e-01 6.570444115423347275e-01
3.275598108276601694e-01 8.716803375598587422e-01 6.416168910189884445e-01
3.325990246228963110e-01 8.348160421622546901e-01 6.121569866733745924e-01
3.375370221613464561e-01 8.215348848454201436e-01 6.200453056236882032e-01
3.423908650875091553e-01 8.031693957338126300e-01 6.036881469312797011e-01
3.475243191869839543e-01 8.108312161952220265e-01 5.844971281653247308e-01
3.526204999699686371e-01 8.318145139925495757e-01 5.981610684982014980e-01
3.575124336588222929e-01 8.154450814105290712e-01 5.305381367439234719e-01
3.624529507249891758e-01 8.166741295971707837e-01 5.140774777611409885e-01
3.675498033998199077e-01 7.947017755152662177e-01 5.078520679618359068e-01
3.725565723788115124e-01 8.064567283804044973e-01 5.085157458287596910e-01
3.775251786629579276e-01 7.887341478870149025e-01 4.917197258294573881e-01
3.825444652793112965e-01 8.073212357262029570e-01 4.915457387264794975e-01
3.875508754889763208e-01 7.717303765358451972e-01 4.678841105038392678e-01
3.924682142798170958e-01 7.624836487780114469e-01 4.385032390875589492e-01
3.974941700298004754e-01 7.436245825393673625e-01 4.759252966966884268e-01
4.025866373866981984e-01 7.390005672987316476e-01 4.422137847366215402e-01
4.075887755798262013e-01 7.298515403292775705e-01 4.372700408003354355e-01
4.124387292400701899e-01 7.340246008399948785e-01 4.370832790555675973e-01
4.174253062056980657e-01 7.129620374437314334e-01 3.887378418551326043e-01
4.225546355249569785e-01 7.390339888958085135e-01 3.761729338038968806e-01
4.275452816423644387e-01 7.087012959120504441e-01 4.022812664653310777e-01
4.324870259514822513e-01 6.980346030616282338e-01 3.842332504149368333e-01
4.374941021952427067e-01 6.380491742774946351e-01 3.575967115584477440e-01
4.424580192915391619e-01 7.135515324471662924e-01 3.643344892176388905e-01
4.474873585360391037e-01 6.793562374439457985e-01 3.356696505659976237e-01
4.525427790726901378e-01 6.630791246911659220e-01 3.465276642149000552e-01
4.575593464439344782e-01 6.729861620478441164e-01 3.585128910979292205e-01
4.625082838588746026e-01 6.305165815847600941e-01 2.853875319545206013e-01
4.674851712490562528e-01 6.489066866603612205e-01 3.159321393413896395e-01
4.725601238591832232e-01 6.545869926330990518e-01 2.789464328114328873e-01
4.775950511331215620e-01 6.178430230654353705e-01 2.722554537107284567e-01
4.825206461098862643e-01 6.169286262445781155e-01 3.065898845979636578e-01
4.874402719946088758e-01 6.173761528679377886e-01 3.071268087167833283e-01
4.925200592223242801e-01 5.965137763151046046e-01 2.480749415805926505e-01
4.975365839949369429e-01 6.327874849952399572e-01 2.526519212822509464e-01
5.025037984965704529e-01 6.225612080127466141e-01 2.669215074385931086e-01
5.075572147114322252e-01 6.231128586460135121e-01 2.383994824675632618e-01
5.125228407051584112e-01 5.642821001662471359e-01 2.677148684483977581e-01
5.174458511383320802e-01 5.851433975429902734e-01 2.197460092896876271e-01
5.224853814923644535e-01 5.500842850125328143e-01 2.078696169535739213e-01
5.275609551402401509e-01 5.799378512655120055e-01 2.178750628544215417e-01
5.325420008272679917e-01 5.448966599514957210e-01 2.098962934705203842e-01
5.374675898959762055e-01 5.534492662405809948e-01 2.033594083217762361e-01
5.425177179641491598e-01 5.533008086571438167e-01 2.098047575509717488e-01
5.475863309874955398e-01 5.660285728964631335e-01 1.771845308834686106e-01
5.525582752687024923e-01 5.114175371333454789e-01 2.067966676052244712e-01
5.574804428102063669e-01 5.156434770402774648e-01 2.025843693005560664e-01
5.625139044293676616e-01 4.957999376069857633e-01 1.930009567083452449e-01
5.675041312924480330e-01 4.927996885465005805e-01 2.057141776756250540e-01
5.724970027042484144e-01 4.839110112645343409e-01 1.859573453545617927e-01
5.775357342201695721e-01 4.565779983631308436e-01 1.535602786526436003e-01
5.824921194047679718e-01 5.253293028997035874e-01 1.685943475348990750e-01
5.873923130614447929e-01 4.755605267468350772e-01 1.830825292082535749e-01
5.924653629231656504e-01 4.766994228007405132e-01 1.407777903136465114e-01
5.975679196835719242e-01 4.499038927756814354e-01 1.397551197820287860e-01
6.025605786437938649e-01 4.528575185901160816e-01 2.029524557730767453e-01
6.074636804380586508e-01 4.155202040386904438e-01 1.414937840308771178e-01
6.124551004112357422e-01 4.513974475304861622e-01 1.214003416838709964e-01
6.175199954051294737e-01 4.799393049689990032e-01 9.939388824366136854e-02
6.224915962426643690e-01 4.103536683266896246e-01 8.094045259134989567e-02
6.274915557171136804e-01 4.028216516604653519e-01 1.212106278404152387e-01
6.325034887796818772e-01 4.306940287529091305e-01 1.227420149155651619e-01
6.374674518004223023e-01 4.107280948725499647e-01 1.058745523034253372e-01
6.424993050208196443e-01 3.735934529725022935e-01 9.464986958389398630e-02
6.475698107053261543e-01 4.010882903975585001e-01 1.249302438586846475e-01
6.525659580633673684e-01 3.983317615464693207e-01 1.042043368998860214e-01
6.574593256037588596e-01 3.663751877750600627e-01 1.014152096412889031e-01
6.624271988612899786e-01 3.905928953060627817e-01 9.893707717961576498e-02
6.675417019271585595e-01 3.801670190288992668e-01 1.169124628452812287e-01
6.725772533782964357e-01 3.376255952677837402e-01 8.665361429394499715e-02
6.774730984886959684e-01 3.644128000479491813e-01 7.638985245040731675e-02
6.824530178335233011e-01 3.649768540953445828e-01 7.840669335770954207e-02
6.875280661592433340e-01 3.366142028796670349e-01 5.288563322484393647e-02
6.925230179389753049e-01 3.635624991667532613e-01 9.409344182007012281e-02
6.975295769925410339e-01 3.394399928345281370e-01 1.016816085517202178e-01
7.025568770724331946e-01 3.133951639562178593e-01 6.026708348482710809e-02
7.074922850739089331e-01 3.534467864499798440e-01 7.753261189170326806e-02
7.124622482418867531e-01 3.613522088375102359e-01 7.076210542504200729e-02
7.175452271531412851e-01 3.058605311010120231e-01 7.474627326881298772e-02
7.225717784613484573e-01 2.906090523059933206e-01 8.933232658207984622e-02
7.275089624579016423e-01 3.095875408659641836e-01 4.150904708114452890e-02
7.324600466513193631e-01 3.309653108071625160e-01 5.827770175075203812e-02
7.375197398421006190e-01 2.748482917052991192e-01 4.856816744193293706e-02
7.425451223097148112e-01 2.822058152540085629e-01 6.599478992456926651e-02
7.474842697394677993e-01 2.621640178132005894e-01 5.882733150067939037e-02
7.524852851764070039e-01 2.665688649570757129e-01 5.432662397559927248e-02
7.575207617909872626e-01 2.501817463160673771e-01 5.574886746971337292e-02
7.624899512647149713e-01 2.620880715210983092e-01 7.913864900518674528e-02
7.674945370763794905e-01 2.669453181905668271e-01 6.465910929592125211e-02
7.725794383408772781e-01 2.515309079346201293e-01 2.848348467553847574e-02
7.775418725495999439e-01 2.671548156522352002e-01 4.693048535524813741e-02
7.824517841248074257e-01 2.187198832968416662e-01 5.903965435971403330e-02
7.874633419998022799e-01 2.635831951221306313e-01 4.647022922227970337e-02
7.925074945210605071e-01 2.552805899843713089e-01 4.437394849681616793e-02
7.975320939675887288e-01 2.452214750641748819e-01 5.858068802372530526e-02
8.025077203392373404e-01 2.524124077104117347e-01 1.747116445583590458e-02
8.075165978041417558e-01 2.313445309755600143e-01 2.204389711696442058e-02
8.125398262220836498e-01 2.287991357903016443e-01 6.590738707006298103e-02
8.174920854857439245e-01 2.105395304055126260e-01 3.169556203624447621e-02
8.225112352578536346e-01 2.603112357653288855e-01 2.936985812382262098e-02
8.275561555342915154e-01 2.575741314166991036e-01 4.315846491626688930e-02
8.324952800697255073e-01 2.365075014082149707e-01 2.185214405036552815e-02
8.374585586194417397e-01 1.797131515600747798e-01 3.788606840444332796e-02
8.425409302494435426e-01 2.162587810808353495e-01 4.249140526790121802e-02
8.475526048196360129e-01 1.696363115645022901e-01 2.651714018994294833e-02
8.524865202798559416e-01 1.890982685792103324e-01 1.289466035152326932e-02
8.574810042038077951e-01 1.961145228285740283e-01 2.810226734605166324e-02
8.625274263089646176e-01 1.658077134669466157e-01 9.184459697035763162e-03
8.675245284508311672e-01 1.761777454659605169e-01 -4.891051029626418932e-03
8.724893182407091885e-01 1.854252397114950213e-01 1.274436606717389321e-02
8.774721006880088492e-01 1.714214851707680232e-01 2.425672691748522944e-02
8.824781156447413233e-01 1.912816122189501533e-01 1.706894557228305284e-02
8.874595540954569595e-01 1.222263182340035254e-01 1.151330747266304279e-02
8.924946553517479897e-01 1.521821359831539711e-01 -1.288793561442156104e-04
8.975478380653373334e-01 1.744768857203054246e-01 -1.446898849007646586e-02
9.025072192470299237e-01 1.282194256855327397e-01 3.842235641991181838e-02
9.074647804047671906e-01 1.740062779600289322e-01 -1.430870911378468238e-02
9.125276216389043293e-01 1.379343227036358144e-01 2.909637849678277724e-02
9.175654489314823969e-01 1.481876576105865539e-01 -4.141060203495056102e-03
9.225040210196280288e-01 1.777615116567997644e-01 1.206848459008907394e-02
9.274649349345547300e-01 1.696985131479245013e-01 -5.046684920702130921e-03
9.324868719712484655e-01 1.776926165910986677e-01 9.134421403684853114e-03
9.375016110539382552e-01 1.339802163848487215e-01 3.297676790238837641e-02
9.424716917071948030e-01 1.338016040265013473e-01 2.368454835280804985e-02
9.474990761212710444e-01 1.045398823566121849e-01 -7.055891007869958924e-03
9.525075911681692986e-01 1.280122518389733288e-01 2.443537939630404873e-02
9.574675710595634825e-01 1.352972890697721475e-01 8.354348634844858262e-03
9.624903057428336739e-01 1.049166050719431559e-01 3.696294436751666052e-02
9.675364381832723959e-01 1.357060583394038844e-01 -2.609528714705949218e-03
9.724990590816093849e-01 9.926764552463716862e-02 9.322664174371804793e-03
9.774623181229004087e-01 1.087100737790860361e-01 -3.878306849936214926e-03
9.824997772572167110e-01 1.370376206815260567e-01 -1.016075245272520411e-04
9.875545656100468417e-01 1.439253685731038124e-01 -2.935439139964401284e-02
9.925346890080131157e-01 1.054389853339006006e-01 -3.728615959780422467e-03
9.975070331244173527e-01 9.074154780965054679e-02 4.182975920794476492e-03
1.002498770764472802e+00 1.111323389976918569e-01 -2.310161969730833986e-02
1.007506200378980088e+00 1.078240647585954337e-01 -6.966261884084688338e-04
1.012495559833831660e+00 9.161316901221740194e-02 3.745099985519589197e-02
1.017503908866539408e+00 6.379180964828236322e-02 5.746603088263182307e-02
1.022514394396538462e+00 8.145395071218132499e-02 4.178550468784827249e-02
1.027473577884819855e+00 1.029967660558944731e-01 1.481114866363557325e-02
1.032488007762135895e+00 1.138887552410619147e-01 2.587724148471573851e-02
1.037540910373357050e+00 6.526157251859832087e-02 -6.190822680054010839e-03
1.042524992865205613e+00 9.636762256537168003e-02 2.931165132980088212e-02
1.047496448742833319e+00 8.977330668931590707e-02 1.079538271980960695e-02
1.052489723011072353e+00 1.118886766982447878e-01 -1.921415774896837944e-02
1.057529570581920098e+00 8.336092511653529769e-02 -1.023251677411969596e-02
1.062518130822190932e+00 1.093586163700371594e-01 -1.182265547801140612e-02
1.067492553025169988e+00 5.962006216734649922e-02 -2.013362137078592712e-03
1.072514417404221376e+00 7.902428865884174314e-02 2.953677935228802079e-02
1.077496685713146496e+00 8.979078318141252291e-02 1.783796467164074171e-03
1.082487844389595777e+00 8.488630259775122033e-02 -9.686165372176942095e-03
1.087517338614010676e+00 7.571783344248406156e-02 -4.220975306297847078e-04
1.092548835994813006e+00 4.946798304761024917e-02 -2.503404316636087187e-02
1.097497870010857079e+00 5.348862190690705648e-02 1.355979116177156475e-02
1.102442234435279556e+00 8.758021929442454112e-02 -7.197360457092918939e-03
1.107498110094682131e+00 1.053964724544559084e-01 -1.464292799271573256e-02
1.112540105583508687e+00 6.557644940012483104e-02 -8.455351994518694233e-04
1.117505892961435432e+00 7.640304166843266132e-02 -2.140510645611411970e-03
1.122505655337368458e+00 8.342678383132384745e-02 -7.424692591651519541e-03
1.127503215581863394e+00 5.074187512865507149e-02 -3.625365800279343326e-02
1.132494129764635371e+00 3.166088797974107166e-02 2.667891173382488587e-02
1.137497256809587798e+00 7.607377866352069140e-02 -2.244564869218852038e-02
1.142527052399778142e+00 3.002135439952931945e-02 -8.286078644035623983e-03
1.147507445986783559e+00 8.425479445959625779e-02 2.901267133249496935e-02
1.152458228647123883e+00 7.179911868627333882e-02 -8.662180425865822000e-03
1.157471264758792362e+00 3.798185687267565530e-02 -1.768786166265722687e-02
1.162519315116649077e+00 5.542028587287359948e-02 1.075147155345431045e-02
1.167507685974803922e+00 6.440073029431987381e-03 4.029413602833530408e-03
1.172483817401771544e+00 8.551107746238946483e-02 2.024260267518208575e-02
1.177500953150747431e+00 5.666840450380498939e-02 -1.453351055030364762e-02
1.182513264825158172e+00 4.249089204068821207e-02 1.874099050324177715e-02
1.187500052400491501e+00 3.487470156541430666e-02 2.249702386023765682e-02
1.192500809460080191e+00 6.271574357446976777e-02 -2.174420661426028703e-02
1.197494514228965690e+00 5.028858725505513244e-02 1.984177964247489656e-02
1.202491163223595061e+00 3.697200927080193655e-02 -2.299638376863772076e-03
1.207496819733679727e+00 5.573987988052184206e-02 -1.697527798785174180e-02
1.212518833360494597e+00 5.770788794276367900e-02 -2.746219605350718254e-02
1.217514647803850547e+00 3.143709559866093156e-02 -2.518334329406813482e-02
1.222474992944385663e+00 5.440299180966994691e-02 -3.338042787166716624e-02
1.227492317396823962e+00 7.300794618583139779e-03 -4.875131454393920896e-05
1.232534837036345365e+00 1.855400869907610981e-02 -3.573646478552301720e-02
1.237528277128428611e+00 4.323712839586116297e-02 6.355150060054347294e-03
1.242488688180570788e+00 6.775354316737562665e-02 4.581014607910275510e-03
1.247490006978946964e+00 5.629107041255449612e-02 -3.419260120998253005e-03
1.252504806360081879e+00 7.796579691847824178e-02 5.886876805325681750e-02
1.257500192399624295e+00 4.608821908939234741e-02 -1.313275392874693574e-02
1.262515137146281941e+00 2.182293803618786873e-02 1.247196509855655420e-03
1.267534320784527546e+00 1.576684567758148206e-02 7.105129617100410661e-03
1.272505085023767135e+00 3.752770581918897508e-02 -1.280771500526358200e-02
1.277504009787307382e+00 2.904667793894328762e-02 1.120353110572486904e-02
1.282539679173874791e+00 5.036812873374115103e-03 4.834681441877664715e-02
1.287540449305639489e+00 4.238180944582746468e-02 -1.504054632963648837e-03
1.292476777621742956e+00 3.417330944904859585e-02 2.431331429362472429e-02
1.297469074021373237e+00 9.741127463360404332e-03 3.927354338262607075e-02
1.302519494298144398e+00 1.581349886221191173e-02 -2.104259770877373731e-02
1.307535772694660370e+00 9.865549697369576515e-03 9.319365176675016224e-03
1.312496027196192294e+00 -4.473773352435229250e-02 -1.249020193492519958e-03
1.317486540505191206e+00 -3.488808430128189503e-02 1.430881059400344012e-02
1.322510300058140409e+00 2.661164682953842675e-02 -8.810717347491022963e-03
1.327502261686310137e+00 4.519656910390590365e-02 3.885896676010681689e-03
1.332489506615674113e+00 1.000617767310102782e-02 8.496889469860554635e-04
1.337522470453180068e+00 3.329922250938811834e-02 -1.679482421897993474e-02
1.342514091668604470e+00 6.052544305229220351e-02 3.914650671421826544e-03
1.347482631657350938e+00 2.196565251685380846e-02 3.684477251260467878e-02
1.352513692146456670e+00 2.680593153089940242e-02 6.777440476010484637e-05
1.357533627830272982e+00 5.720826372842338636e-02 -2.105135835102254008e-02
1.362503586022334900e+00 4.850235467518196342e-02 1.357631093986739514e-02
1.367490843640743581e+00 -1.728002418968526549e-02 -1.073430467027866944e-02
1.372511269604600681e+00 2.621602719254869512e-02 -8.157612843392196209e-03
1.377512663824161265e+00 7.470164231633145448e-03 -6.349350339564464353e-03
1.382486813688863947e+00 3.888108351571736062e-03 2.095864898293899048e-02
1.387495889226808110e+00 -3.560960300257956794e-04 -1.287638722106748158e-02
1.392505456282616239e+00 2.717678435022587245e-03 -1.156607498337821303e-02
1.397484791046613273e+00 2.856003684433627496e-02 -2.209345411241135995e-02
1.402490176143483813e+00 4.046048855871164918e-02 -1.622698106801914644e-03
1.407531815581354984e+00 2.871111798295762282e-02 -1.107905041537426798e-02
1.412523090059538911e+00 7.096100122587253867e-02 -1.956318017238873122e-02
1.417470237585527482e+00 -4.121815444678996777e-03 2.921349396258333952e-02
1.422481446964255047e+00 3.306801168559345833e-02 -1.134407267060368908e-02
1.427522490986277370e+00 3.284475424408686388e-03 -1.381567244557981543e-02
1.432506773248589660e+00 3.191990110091452032e-03 1.903473426973222721e-02
1.437482152676767155e+00 5.049036139927851052e-02 -2.329615089789130716e-03
1.442510296161722216e+00 3.645038850101015374e-03 -3.711769371252346753e-03
1.447501085436458279e+00 -1.918172848654348811e-02 4.596503793690899509e-03
1.452484542592274330e+00 1.888354690969079250e-02 -2.152852307026011797e-02
1.457523527930187912e+00 -5.053357228128216479e-03 1.703545207584875390e-02
1.462527692555643855e+00 -2.316720157014893686e-02 -2.249584967015056530e-02
1.467470865250338319e+00 4.635721941153359699e-02 1.168030089106688284e-02
1.472475366460550106e+00 5.021400753610813505e-02 -4.033678770882264016e-03
1.477526472524137047e+00 4.675294964302376122e-02 -5.540703429566253349e-03
1.482538893305022087e+00 1.727716520903055039e-02 6.713303201812425604e-03
1.487497515469307308e+00 2.687065903053608568e-02 -2.797304798316512658e-02
1.492483525866932004e+00 9.411278555161545559e-03 6.201882473437746179e-03
1.497515867534237932e+00 -1.269139259712620191e-02 9.951994391592073469e-03
1.502515344543103648e+00 -2.040309105972647891e-02 -1.431832508382246613e-02
1.507507468528652250e+00 -2.007844566774135558e-02 -2.202104344913699205e-02
1.512513902105389718e+00 2.502664376712139191e-02 1.747834418115675609e-02
1.517496481001598951e+00 4.990746285070146032e-02 1.261556172981685882e-02
1.522484644024807876e+00 1.113280969641868706e-02 3.435581513009946381e-02
1.527504855990671206e+00 5.737993127010085868e-03 -1.769073818805005222e-02
1.532531147839254482e+00 -1.590254074224063674e-03 -2.198867563686330434e-03
1.537494635973614576e+00 -3.952519177638826042e-02 -2.692822161955956122e-03
1.542468949914497678e+00 -2.639895363910000833e-02 -2.968503008370122764e-02
1.547521714506478130e+00 1.155334265977753759e-03 1.072313467923838998e-02
1.552522707395029844e+00 1.018287855914383130e-02 1.245056136794335695e-02
1.557491615039481969e+00 -2.489224011791021929e-02 9.817328278417665824e-03
1.562487101382902699e+00 5.892642045597464191e-03 -2.680298166900925080e-02
1.567499036092217191e+00 -1.481740756606257821e-02 -2.545610839174956147e-02
1.572506495183822350e+00 -1.852878408286220014e-03 -4.736569448250698561e-02
1.577504454097702347e+00 3.266143140032848335e-02 -3.266093011080367647e-02
1.582531417734013068e+00 4.854776774114124421e-02 -2.958940312348217264e-02
1.587526479681066860e+00 7.666153689794960938e-03 7.607491875068336448e-03
1.592472073195351889e+00 4.040186018541700916e-04 5.383004755162788466e-03
1.597494157760317446e+00 -1.550695346492227209e-03 5.536162471545054593e-03
1.602541434735287096e+00 3.078559454635358683e-03 -6.391939746426721775e-03
1.607518074269043806e+00 3.099763879339891351e-02 1.489622667634620326e-02
