# Propagator = cross power / initial power /(Gf*b) 
# Gf = 0.61207 
# b=1.4 
# 
# k 	 	 	 Propagator (mu=0.05) 	 Propagator (mu=0.95)
0.000000000000000000e+00 nan nan
6.283185444772243500e-03 7.155121588654633769e-01 5.432934392368705678e-01
1.256637088954448700e-02 6.088270256272922953e-01 4.807395797303291030e-01
1.966525241732597351e-02 6.628170916798984402e-01 6.049343260524683297e-01
2.083896659314632416e-02 6.786977244662059094e-01 6.888284155081865201e-01
2.615409799747996783e-02 6.643646848170987607e-01 6.653923066433430344e-01
3.337243713793300315e-02 6.667507294709893451e-01 6.318001915678457259e-01
3.880443309362117954e-02 6.538881029569958425e-01 6.895154038221160686e-01
4.236900824166479895e-02 6.478673674929236181e-01 6.403972391009241649e-01
4.712833410927227268e-02 6.625149483862177169e-01 6.452548379212399432e-01
5.249325669295078906e-02 6.429838689920782668e-01 6.619151224239512299e-01
5.793494871921009426e-02 6.506126970339386473e-01 6.243658854146123538e-01
6.273677498102188388e-02 6.437099199416129736e-01 6.638241630569634566e-01
6.751902166165803243e-02 6.436049659395719491e-01 6.369373497661890982e-01
7.253747781117757254e-02 6.444547320639472110e-01 6.314668653787004482e-01
7.742520265373183108e-02 6.366041726277592572e-01 6.588391030990383701e-01
8.265626833719365296e-02 6.802291026459474921e-01 6.215953860295891920e-01
8.799044104273785749e-02 6.511874535535462361e-01 6.516494795610747737e-01
9.246685121501430071e-02 6.359956807263519307e-01 6.720565830615424785e-01
9.705377946938237299e-02 6.343815417947407109e-01 6.511074822436820897e-01
1.025626622390427012e-01 6.555143499330969847e-01 6.395313902542404394e-01
1.078756042074837107e-01 6.493368771879043377e-01 6.406944049313293421e-01
1.126498889503062956e-01 6.457033772054595611e-01 6.517798367463496501e-01
1.174311258295584054e-01 6.492941143569738172e-01 6.622551985903953886e-01
1.224265294149518013e-01 6.551596356402344945e-01 6.586238653919601616e-01
1.274705401188890586e-01 6.429540638100853522e-01 6.396754007590841340e-01
1.325767932299575236e-01 6.569712382692692865e-01 6.507537466497592682e-01
1.377046334500215408e-01 6.360501437639324296e-01 6.560929765398365587e-01
1.425797256916889189e-01 6.367453101674347415e-01 6.602446740819508664e-01
1.473307137338208395e-01 6.638390110840424185e-01 6.545015591831826463e-01
1.524089232036278108e-01 6.379405056417238873e-01 6.512182916352821094e-01
1.575936262424175449e-01 6.311428150398670223e-01 6.473657317113898912e-01
1.625684273167739557e-01 6.525750760762165648e-01 6.567569873341058129e-01
1.673352439543579206e-01 6.494052865886762449e-01 6.383449891356327566e-01
1.724435356781654771e-01 6.234050032598976721e-01 6.599824894139325604e-01
1.775138082747495516e-01 6.316744475862361430e-01 6.492356505214716966e-01
1.824936165467842542e-01 6.414491035589675594e-01 6.330144295735010695e-01
1.876230745866734606e-01 6.226285820955917982e-01 6.518119029204192394e-01
1.926019267409309899e-01 6.383389751716348481e-01 6.333917807751311413e-01
1.974749358892440854e-01 6.302775720175374241e-01 6.286711867802398102e-01
2.025059394667107493e-01 6.397905471870709571e-01 6.296186112149401159e-01
2.076213928450525437e-01 6.411513235715414760e-01 6.330528054288181439e-01
2.126848777117378297e-01 6.244703738992872788e-01 6.482494089660019165e-01
2.173658659764095835e-01 6.583180840023601377e-01 6.157827689333466026e-01
2.223124144980626049e-01 6.316862267139320419e-01 6.245998366703859883e-01
2.275980139083235709e-01 6.325513104054032443e-01 6.338116315345386775e-01
2.326984049010097644e-01 6.007625391543921500e-01 6.431979440719467478e-01
2.375650852918624878e-01 6.249402540728666855e-01 6.062002577723287766e-01
2.424471662879663647e-01 6.277973661362756808e-01 6.012501986119549446e-01
2.474402878312357557e-01 6.219882871765942678e-01 6.222338818120863868e-01
2.524844791311205983e-01 6.234014125382235649e-01 6.278467090352658486e-01
2.575087911793679796e-01 6.037930755480165335e-01 6.111241448071239590e-01
2.625372643277745777e-01 6.051886194283151443e-01 6.183488414651440168e-01
2.674488866967814071e-01 6.226991660166969478e-01 6.125188187740956414e-01
2.724593739789928915e-01 6.082994982320436561e-01 6.202813416743854225e-01
2.775641303955593275e-01 6.187726086751439425e-01 5.998458269847549706e-01
2.826432385118166080e-01 6.122366971336120622e-01 5.942325648963184825e-01
2.875503792569830130e-01 5.942710800317718700e-01 5.960202901553189880e-01
2.923732014067137452e-01 5.991241664084464569e-01 5.916065908166887599e-01
2.974952666855347760e-01 5.998878900143255199e-01 5.926853706216175244e-01
3.025732013669680809e-01 5.882630295518693764e-01 5.980530440636346867e-01
3.075143514540406020e-01 5.775946826578433058e-01 5.885855153987851196e-01
3.124966426471657011e-01 5.632739845514471710e-01 5.757413780549683890e-01
3.174072768953111190e-01 5.727207117515067392e-01 5.903581569754894343e-01
3.224348160175661282e-01 5.848797355736771175e-01 5.771252650214707680e-01
3.275598108276601694e-01 5.795215743763832972e-01 5.772432750271159208e-01
3.325990246228963110e-01 5.649739259033880190e-01 5.617952252915107136e-01
3.375370221613464561e-01 5.749804679191866663e-01 5.680552080498678658e-01
3.423908650875091553e-01 5.642734892444849493e-01 5.506309918388402336e-01
3.475243191869839543e-01 5.581529056039599146e-01 5.621058412267985194e-01
3.526204999699686371e-01 5.606599687458014847e-01 5.665303916161437137e-01
3.575124336588222929e-01 5.530724247353819845e-01 5.454531372761599606e-01
3.624529507249891758e-01 5.382916782272892942e-01 5.443422001766349272e-01
3.675498033998199077e-01 5.499622644389184911e-01 5.424691899291602670e-01
3.725565723788115124e-01 5.448277000530983294e-01 5.399244276038344115e-01
3.775251786629579276e-01 5.483297164921667743e-01 5.209883445093801413e-01
3.825444652793112965e-01 5.310334432013775752e-01 5.411172881408845559e-01
3.875508754889763208e-01 5.207454164029515775e-01 5.195818030332460813e-01
3.924682142798170958e-01 5.315253417031675642e-01 5.436481226614450213e-01
3.974941700298004754e-01 5.101587213270627474e-01 5.229079478124780689e-01
4.025866373866981984e-01 5.087809181880214027e-01 5.082531814375159662e-01
4.075887755798262013e-01 5.068241372887449803e-01 5.120195009518698770e-01
4.124387292400701899e-01 4.998670822338882047e-01 5.062056476268580463e-01
4.174253062056980657e-01 5.063482748370012887e-01 4.935551278549265009e-01
4.225546355249569785e-01 4.920162658124276889e-01 4.896007797022305374e-01
4.275452816423644387e-01 4.936497433056681872e-01 4.876189459803348947e-01
4.324870259514822513e-01 4.818819271991840458e-01 4.892115626891113123e-01
4.374941021952427067e-01 4.816340365594025674e-01 4.914541805279337150e-01
4.424580192915391619e-01 4.754478594803301927e-01 4.742393887885571480e-01
4.474873585360391037e-01 4.783546524746633000e-01 4.794085122690124878e-01
4.525427790726901378e-01 4.780846233328635009e-01 4.580231155759096895e-01
4.575593464439344782e-01 4.560065764851284897e-01 4.738945051654206986e-01
4.625082838588746026e-01 4.430193101560230273e-01 4.627062935891873008e-01
4.674851712490562528e-01 4.524420306001895598e-01 4.508090424481652203e-01
4.725601238591832232e-01 4.576041618006110312e-01 4.278610041264617192e-01
4.775950511331215620e-01 4.399138581189421804e-01 4.276257422850645584e-01
4.825206461098862643e-01 4.324710743983321004e-01 4.401285480057280375e-01
4.874402719946088758e-01 4.203429557030118890e-01 4.261076932266336659e-01
4.925200592223242801e-01 4.353154286298738795e-01 4.229651545274874525e-01
4.975365839949369429e-01 4.312597604950272889e-01 4.126899978487371667e-01
5.025037984965704529e-01 4.140670857567652630e-01 4.140811160815455749e-01
5.075572147114322252e-01 4.293677980824870954e-01 4.072241548942029388e-01
5.125228407051584112e-01 4.179405683707782537e-01 4.080010656543411884e-01
5.174458511383320802e-01 3.892226854817687487e-01 3.993767683664273815e-01
5.224853814923644535e-01 3.975385899376136511e-01 3.947364722073232746e-01
5.275609551402401509e-01 3.852915776738308207e-01 3.875693289342413972e-01
5.325420008272679917e-01 3.897188679876121831e-01 3.718202348452891437e-01
5.374675898959762055e-01 3.724629798051194429e-01 3.748275610651701784e-01
5.425177179641491598e-01 3.729318599539881984e-01 3.801024498650441008e-01
5.475863309874955398e-01 3.692658838680122901e-01 3.613806275552306491e-01
5.525582752687024923e-01 3.601218104851758861e-01 3.555273858189608172e-01
5.574804428102063669e-01 3.569687861044201216e-01 3.568257623509795140e-01
5.625139044293676616e-01 3.480543136121633241e-01 3.534601349961674632e-01
5.675041312924480330e-01 3.530715689093506526e-01 3.544159961787948787e-01
5.724970027042484144e-01 3.491610017453481984e-01 3.368274989585628987e-01
5.775357342201695721e-01 3.394719243332849912e-01 3.264898448141956289e-01
5.824921194047679718e-01 3.332736117076151028e-01 3.310233773094040099e-01
5.873923130614447929e-01 3.220035924337304456e-01 3.228489887935622193e-01
5.924653629231656504e-01 3.268886780077944199e-01 3.153323046769853644e-01
5.975679196835719242e-01 3.201216754768705930e-01 3.099724552401877387e-01
6.025605786437938649e-01 3.161058673434063437e-01 3.040377101276300897e-01
6.074636804380586508e-01 3.018719474151311810e-01 3.087549286600320686e-01
6.124551004112357422e-01 3.008538039540323838e-01 3.020246810473022347e-01
6.175199954051294737e-01 2.955561642331846484e-01 2.918411733970340816e-01
6.224915962426643690e-01 2.878028614748737168e-01 2.948810822353248873e-01
6.274915557171136804e-01 2.746594821749288595e-01 2.833932326744193486e-01
6.325034887796818772e-01 2.707739000738655921e-01 2.899314931034088216e-01
6.374674518004223023e-01 2.781164258781816390e-01 2.869266057020968819e-01
6.424993050208196443e-01 2.688031267272418257e-01 2.743661052943613954e-01
6.475698107053261543e-01 2.809300817075396361e-01 2.600615176327277234e-01
6.525659580633673684e-01 2.595093350473650640e-01 2.661587234901950372e-01
6.574593256037588596e-01 2.640790295161706824e-01 2.553651667039170681e-01
6.624271988612899786e-01 2.516716752592003670e-01 2.532404685260202792e-01
6.675417019271585595e-01 2.517176032726616275e-01 2.439954348052227329e-01
6.725772533782964357e-01 2.507556772684921276e-01 2.412535624906426979e-01
6.774730984886959684e-01 2.414229301681216355e-01 2.437164899401004503e-01
6.824530178335233011e-01 2.424179297474078065e-01 2.261978643890197871e-01
6.875280661592433340e-01 2.356703936390380227e-01 2.220300043059669215e-01
6.925230179389753049e-01 2.236231345943666682e-01 2.253046551490539562e-01
6.975295769925410339e-01 2.305287863721327268e-01 2.163358591630443473e-01
7.025568770724331946e-01 2.162452820254892050e-01 2.183317379668319458e-01
7.074922850739089331e-01 2.043350791622117746e-01 2.164219046975832395e-01
7.124622482418867531e-01 2.119413686130810770e-01 2.106547278966686143e-01
7.175452271531412851e-01 2.026913723184043670e-01 2.037585034650489513e-01
7.225717784613484573e-01 2.007576745911144878e-01 1.971919109647232438e-01
7.275089624579016423e-01 1.954807684972035553e-01 1.872194872634624918e-01
7.324600466513193631e-01 1.865304621203543456e-01 1.808456033684026631e-01
7.375197398421006190e-01 1.847100187739976751e-01 1.771891657131033360e-01
7.425451223097148112e-01 1.920887684087072278e-01 1.745678190957707654e-01
7.474842697394677993e-01 1.871233747226558608e-01 1.799068549459186539e-01
7.524852851764070039e-01 1.799392197363250678e-01 1.658410183697158480e-01
7.575207617909872626e-01 1.787727832211504220e-01 1.665507159313086294e-01
7.624899512647149713e-01 1.791655605751490687e-01 1.772341885702272413e-01
7.674945370763794905e-01 1.713501331308008857e-01 1.588921892738313357e-01
7.725794383408772781e-01 1.558795781293522142e-01 1.561401455928921878e-01
7.775418725495999439e-01 1.555452501508303165e-01 1.516178218845098680e-01
7.824517841248074257e-01 1.539397931417342824e-01 1.491692470693682104e-01
7.874633419998022799e-01 1.618467302671898200e-01 1.417590667795304293e-01
7.925074945210605071e-01 1.485866612260495767e-01 1.420304026246323459e-01
7.975320939675887288e-01 1.409352957019681107e-01 1.427933358046704626e-01
8.025077203392373404e-01 1.451067528031469711e-01 1.301356767157558769e-01
8.075165978041417558e-01 1.363832696615062678e-01 1.337510966547153790e-01
8.125398262220836498e-01 1.274930956490342993e-01 1.281309458079763208e-01
8.174920854857439245e-01 1.206699231920505544e-01 1.244017948210428270e-01
8.225112352578536346e-01 1.341573812343001271e-01 1.189760498779581926e-01
8.275561555342915154e-01 1.207709769883716228e-01 1.208760945562504241e-01
8.324952800697255073e-01 1.167771736682151340e-01 1.197738264980136441e-01
8.374585586194417397e-01 1.216265221117349415e-01 1.096379921657666262e-01
8.425409302494435426e-01 1.083838908796542905e-01 1.139917247616230866e-01
8.475526048196360129e-01 1.023283253017313738e-01 1.017652827006863131e-01
8.524865202798559416e-01 1.059845062122607984e-01 1.034738056820435903e-01
8.574810042038077951e-01 1.123206996507709887e-01 1.100779394035221320e-01
8.625274263089646176e-01 9.469521548223956697e-02 9.833972475724193918e-02
8.675245284508311672e-01 9.830302796824660905e-02 9.087796975672918220e-02
8.724893182407091885e-01 1.003694708876806119e-01 9.103916912769724479e-02
8.774721006880088492e-01 9.663769998725452171e-02 9.234912612828376222e-02
8.824781156447413233e-01 9.547083082761742556e-02 8.594120126124014936e-02
8.874595540954569595e-01 8.584680998141185071e-02 8.974764452320017905e-02
8.924946553517479897e-01 9.466478963146489345e-02 7.347813101363752375e-02
8.975478380653373334e-01 8.397874380373418490e-02 8.077482689252939163e-02
9.025072192470299237e-01 8.357891167677658495e-02 7.627061983350191809e-02
9.074647804047671906e-01 7.621753930701566371e-02 8.395378904013041377e-02
9.125276216389043293e-01 8.079693945630481156e-02 7.955379993464663235e-02
9.175654489314823969e-01 7.668220710701180443e-02 6.583262356765615109e-02
9.225040210196280288e-01 7.283012244080554198e-02 6.205221820040580927e-02
9.274649349345547300e-01 7.210072227633108899e-02 6.807803664010388112e-02
9.324868719712484655e-01 6.620760086425682422e-02 5.720438279562663209e-02
9.375016110539382552e-01 6.347637076480930340e-02 6.356598201519801650e-02
9.424716917071948030e-01 6.256525000680691895e-02 5.790740503840037523e-02
9.474990761212710444e-01 5.875141887271501800e-02 5.250645695189964240e-02
9.525075911681692986e-01 5.111329861218102261e-02 5.306166519491120614e-02
9.574675710595634825e-01 5.566896283674450246e-02 4.773973567913523258e-02
9.624903057428336739e-01 5.170060975045803059e-02 5.353316837260072014e-02
9.675364381832723959e-01 5.211757737721170458e-02 4.680006629262508516e-02
9.724990590816093849e-01 5.452650753133040512e-02 4.499284743812114601e-02
9.774623181229004087e-01 4.106970921614509079e-02 5.111034010525722371e-02
9.824997772572167110e-01 4.586626784690540914e-02 3.976002688382924283e-02
9.875545656100468417e-01 5.120488277850297060e-02 4.718130022964203696e-02
9.925346890080131157e-01 3.980528798994057565e-02 4.287279605961809292e-02
9.975070331244173527e-01 4.157727155086402004e-02 3.972152734395865969e-02
1.002498770764472802e+00 4.137527545076784968e-02 2.968506546823921483e-02
1.007506200378980088e+00 4.083873986681918478e-02 3.685031984551104256e-02
1.012495559833831660e+00 3.854133377919698178e-02 3.220508739371420043e-02
1.017503908866539408e+00 3.709825449883401294e-02 2.996808947107199028e-02
1.022514394396538462e+00 3.701039610063443924e-02 2.938099724519209824e-02
1.027473577884819855e+00 3.163896817508864145e-02 2.587877839734619226e-02
1.032488007762135895e+00 3.515957498436550477e-02 2.557776353258596133e-02
1.037540910373357050e+00 3.036847573907099085e-02 2.160545544245931482e-02
1.042524992865205613e+00 2.210919891638712248e-02 1.821229371242491513e-02
1.047496448742833319e+00 1.633349469147367047e-02 2.300607516764071464e-02
1.052489723011072353e+00 2.918349900381434978e-02 2.604178288934041671e-02
1.057529570581920098e+00 2.905689999870040077e-02 1.552203931559057414e-02
1.062518130822190932e+00 2.012016919123949324e-02 2.174340034877098385e-02
1.067492553025169988e+00 1.621566097739733994e-02 1.893088625220554211e-02
1.072514417404221376e+00 2.296940502795319708e-02 1.580555718669694396e-02
1.077496685713146496e+00 2.142714651043718666e-02 1.372616795872224835e-02
1.082487844389595777e+00 1.493373219940820687e-02 1.111212068009879636e-02
1.087517338614010676e+00 1.656482142809458449e-02 1.462735745987639446e-02
1.092548835994813006e+00 1.450972533765349480e-02 6.942356938512794610e-03
1.097497870010857079e+00 1.242803176302148364e-02 1.384179016102549120e-02
1.102442234435279556e+00 1.687600171355857492e-02 7.666897573616458794e-03
1.107498110094682131e+00 1.378263093728445028e-02 1.391464902773558582e-02
1.112540105583508687e+00 1.039294154201291995e-02 9.964957921505462196e-03
1.117505892961435432e+00 1.261061010614878547e-02 1.110488505365833656e-02
1.122505655337368458e+00 9.186797059657678122e-03 1.439459713328831991e-02
1.127503215581863394e+00 1.209788106280923654e-02 8.249189321051316262e-03
1.132494129764635371e+00 6.523114043004015275e-03 5.429562873034710253e-03
1.137497256809587798e+00 1.061117145901138009e-02 7.366447719330233325e-03
1.142527052399778142e+00 3.249697733143771129e-03 1.195426492833839664e-02
1.147507445986783559e+00 9.375293996331130267e-03 6.078112035514673765e-03
1.152458228647123883e+00 7.264168713872883217e-03 6.353184180634937998e-03
1.157471264758792362e+00 9.184063577360011485e-03 5.626454649456665881e-03
1.162519315116649077e+00 3.950095553035221606e-03 -1.271071007613416544e-03
1.167507685974803922e+00 6.676940522563758890e-03 6.335550978494398910e-03
1.172483817401771544e+00 8.047785055869581539e-03 9.692678055826759592e-03
1.177500953150747431e+00 5.059986702099774844e-03 2.511857742140447772e-04
1.182513264825158172e+00 -3.708191903513037395e-03 5.451273331412632116e-03
1.187500052400491501e+00 6.726353350399403306e-04 -1.283147310956194278e-03
1.192500809460080191e+00 -2.641078805233051507e-03 5.654429660867341632e-03
1.197494514228965690e+00 3.957267174366950989e-03 5.209118125517879939e-04
1.202491163223595061e+00 1.008845447444431213e-02 -7.831413606366830621e-03
1.207496819733679727e+00 1.816250142096315339e-03 -3.141358290135318025e-03
1.212518833360494597e+00 4.758562839574985957e-03 -1.639150499063627689e-03
1.217514647803850547e+00 2.641575480518264674e-03 -5.151838990451510468e-03
1.222474992944385663e+00 -6.499935952851465569e-04 -5.043900557269173114e-03
1.227492317396823962e+00 -5.908267114157476907e-03 -3.180026573494473992e-03
1.232534837036345365e+00 -3.628773905889314260e-04 2.748645234298911517e-03
1.237528277128428611e+00 7.368366335722452767e-04 -3.144346685062715985e-04
1.242488688180570788e+00 6.770818600047574624e-04 -6.918243898561437198e-03
1.247490006978946964e+00 2.792768174985632915e-03 -4.776677901062132033e-03
1.252504806360081879e+00 3.800009112204307503e-03 -1.937077302655020776e-03
1.257500192399624295e+00 -5.795303203589305917e-03 -5.700240925609297189e-03
1.262515137146281941e+00 -1.239696826165170981e-03 7.951233231421868473e-04
1.267534320784527546e+00 -7.576215924018892510e-03 -3.245009420594473833e-03
1.272505085023767135e+00 -2.716691235230384027e-03 -5.700345665903158027e-03
1.277504009787307382e+00 -2.141137454985901807e-03 -8.619581342963695061e-03
1.282539679173874791e+00 -4.029810210982059937e-03 -7.769313378760925315e-03
1.287540449305639489e+00 -1.028877372447203160e-03 -6.817383374081569317e-03
1.292476777621742956e+00 -2.072072954293647032e-03 -4.605147912904584799e-03
1.297469074021373237e+00 -8.089455698925619373e-03 -2.528969607700643114e-03
1.302519494298144398e+00 -2.507300556843789353e-04 -9.665459916529912238e-03
1.307535772694660370e+00 -6.735781394234000193e-03 -5.134589431101181829e-03
1.312496027196192294e+00 -3.859624016688844618e-03 -5.955726417760153456e-03
1.317486540505191206e+00 -5.176200476643339973e-03 -8.753217667904069493e-03
1.322510300058140409e+00 -6.745516235683446729e-03 -4.904354919472241926e-03
1.327502261686310137e+00 -5.421149777630529520e-03 -5.405158613077601891e-03
1.332489506615674113e+00 -1.092773613031066543e-02 -2.553047099355037781e-03
1.337522470453180068e+00 -9.665181755773712829e-03 -7.177535532809938175e-03
1.342514091668604470e+00 -7.738336837581475704e-03 -5.444680388842816805e-03
1.347482631657350938e+00 -3.096459478191415041e-03 -7.463971161914195393e-03
1.352513692146456670e+00 -1.227536883888115382e-02 -6.979585011968972644e-03
1.357533627830272982e+00 -1.189547906314335213e-03 -6.049961259272341844e-03
1.362503586022334900e+00 -1.110624815817625854e-03 -7.145367431332430401e-03
1.367490843640743581e+00 1.606594017048131387e-03 -8.439174700462586179e-03
1.372511269604600681e+00 -4.800227225725773803e-03 -7.206320478363311202e-03
1.377512663824161265e+00 -8.671930886724498952e-03 -6.138662473881536900e-03
1.382486813688863947e+00 -3.686136850900864539e-03 -1.379327305453472569e-02
1.387495889226808110e+00 -5.256202213440854150e-03 -8.937619003309074314e-03
1.392505456282616239e+00 -5.943701015228980422e-03 -3.658117633730793329e-03
1.397484791046613273e+00 -6.729934466647365630e-03 -3.664657973294338771e-03
1.402490176143483813e+00 -4.861770778641036697e-03 -8.050496640062961701e-03
1.407531815581354984e+00 -3.850055569636332583e-04 -4.177420738754617641e-03
1.412523090059538911e+00 -6.941696551842117813e-03 -5.946850596302141398e-03
1.417470237585527482e+00 -7.239703067118426379e-03 -1.190892341533918234e-04
1.422481446964255047e+00 -7.200021059477245203e-03 -5.159308935019907456e-03
1.427522490986277370e+00 -3.864841935275660674e-03 -2.800234285190098503e-03
1.432506773248589660e+00 -8.689304083617453364e-03 -3.759948051353139125e-03
1.437482152676767155e+00 -3.293461645386969693e-03 -9.365102806617342512e-03
1.442510296161722216e+00 -3.968476846710593427e-03 -2.597232723580882811e-03
1.447501085436458279e+00 -6.248878510069172908e-03 -7.307196029994471494e-03
1.452484542592274330e+00 -6.940855459497105411e-03 -6.616996936891234721e-04
1.457523527930187912e+00 -8.497967389289840315e-03 -6.921369145918266318e-03
1.462527692555643855e+00 2.984921186756650806e-04 -6.724598468606537288e-03
1.467470865250338319e+00 -3.618231080527915030e-03 -1.343644043667245949e-02
1.472475366460550106e+00 -6.881987445337797021e-03 -3.004665081983440983e-03
1.477526472524137047e+00 -6.463346387131654880e-03 -7.576374799629297975e-03
1.482538893305022087e+00 -4.860915325957645798e-03 -3.536546286180332690e-03
1.487497515469307308e+00 -4.882616496041757362e-03 -2.157791649689078627e-03
1.492483525866932004e+00 -5.231152418427353727e-03 -6.214530135299810645e-03
1.497515867534237932e+00 -2.239512661047667920e-03 -4.438326265796227292e-03
1.502515344543103648e+00 -3.214189763734689315e-03 -5.710695186291091067e-03
1.507507468528652250e+00 -1.040342837849467586e-02 -6.217160291840616131e-03
1.512513902105389718e+00 -4.578971918547497001e-03 -4.177898558353500789e-03
1.517496481001598951e+00 -3.543812770794940378e-03 -1.016912572106228952e-03
1.522484644024807876e+00 -4.148108427157552562e-03 -2.442048543008129395e-03
1.527504855990671206e+00 -2.822621803139111624e-03 -6.752586880216767187e-03
1.532531147839254482e+00 -7.435201900050810581e-03 -5.418616568722761824e-03
1.537494635973614576e+00 -5.756224262086741088e-03 -3.074467694209999380e-03
1.542468949914497678e+00 -7.598501457422476325e-03 -2.740762354483782491e-03
1.547521714506478130e+00 -3.516392159274310883e-03 -4.382733075250126210e-03
1.552522707395029844e+00 -8.009782476585512387e-03 -3.209410263054879309e-03
1.557491615039481969e+00 -3.645638877617911593e-03 -7.244062112512783275e-04
1.562487101382902699e+00 -3.428457341013264707e-03 -1.323548303299665677e-03
1.567499036092217191e+00 -5.522553862933910450e-03 -8.613630468241389396e-04
1.572506495183822350e+00 -8.680251738280419377e-03 -1.123892606846116707e-02
1.577504454097702347e+00 -4.601825598755167335e-03 1.379013190069957066e-03
1.582531417734013068e+00 -8.363900941959679161e-03 -8.176868576519452300e-03
1.587526479681066860e+00 -6.910166424963227506e-03 -5.075786298497524975e-03
1.592472073195351889e+00 -6.928980200230164428e-03 -1.482844681712758598e-03
1.597494157760317446e+00 -1.399185817396803944e-03 -2.148845301803341355e-03
1.602541434735287096e+00 -4.671240658568593870e-03 -1.849035191072129648e-03
1.607518074269043806e+00 -2.088576642428867890e-03 -4.347402170402224660e-03
