# Propagator = cross power / initial power /(Gf*b) 
# Gf = 0.61207 
# b=1.4 
# 
# k 	 	 	 Propagator (mu=0.05) 	 Propagator (mu=0.95)
0.000000000000000000e+00 nan nan
6.283185444772243500e-03 1.104098129899619307e+00 8.430915085883087245e-01
1.256637088954448700e-02 9.411760488773321942e-01 7.772836971093932679e-01
1.966525241732597351e-02 1.034924006909360816e+00 9.276696781752852283e-01
2.083896659314632416e-02 1.030040232828611346e+00 1.075280778233931978e+00
2.615409799747996783e-02 1.029553004356329460e+00 1.028272305506615414e+00
3.337243713793300315e-02 1.018959325044245023e+00 9.788821015636183231e-01
3.880443309362117954e-02 1.019712771984347288e+00 1.063281119153457022e+00
4.236900824166479895e-02 1.005883535528773853e+00 1.002937091451645335e+00
4.712833410927227268e-02 1.047239605163489351e+00 9.880786846752596109e-01
5.249325669295078906e-02 9.842348863013737903e-01 1.007537864155245266e+00
5.793494871921009426e-02 9.972216989840918533e-01 9.723016303242314473e-01
6.273677498102188388e-02 9.849872457874050413e-01 9.990213586842668914e-01
6.751902166165803243e-02 9.808532782939569650e-01 9.723603539901155557e-01
7.253747781117757254e-02 9.909028521364608988e-01 9.771451616463524559e-01
7.742520265373183108e-02 9.532133627718044622e-01 1.008484596513792075e+00
8.265626833719365296e-02 1.009379095855994946e+00 9.328493384247124043e-01
8.799044104273785749e-02 9.833398675402196254e-01 9.625989399275399760e-01
9.246685121501430071e-02 9.120921434725121069e-01 9.956386761105356920e-01
9.705377946938237299e-02 9.258313400463628051e-01 9.511854273709354768e-01
1.025626622390427012e-01 9.262834045744676725e-01 9.275849185242536210e-01
1.078756042074837107e-01 9.573968338435691061e-01 9.230193839691950286e-01
1.126498889503062956e-01 9.484189776572811148e-01 9.310120018109967477e-01
1.174311258295584054e-01 9.472233058937296057e-01 9.682112900725919902e-01
1.224265294149518013e-01 9.698600580082208378e-01 9.582962957783968116e-01
1.274705401188890586e-01 9.035302641104853150e-01 9.050554096632756895e-01
1.325767932299575236e-01 9.587098448329377520e-01 9.246345822771478984e-01
1.377046334500215408e-01 8.931310864360617607e-01 9.358484183548807511e-01
1.425797256916889189e-01 9.058133634154927893e-01 9.168324016914439767e-01
1.473307137338208395e-01 9.352944620495452499e-01 8.995112085011234271e-01
1.524089232036278108e-01 8.313598659453979023e-01 8.821808085624859297e-01
1.575936262424175449e-01 8.903344628177308762e-01 8.776990881021040636e-01
1.625684273167739557e-01 8.841007117773341806e-01 9.037326674833061624e-01
1.673352439543579206e-01 9.062429007294993122e-01 8.793341602163462500e-01
1.724435356781654771e-01 8.462111469271873521e-01 8.757255278388462738e-01
1.775138082747495516e-01 7.706221513154043468e-01 8.709066664756852649e-01
1.824936165467842542e-01 8.874234603681274702e-01 8.431057363340849209e-01
1.876230745866734606e-01 7.536176130998548661e-01 8.618587127213664933e-01
1.926019267409309899e-01 8.270722744820480088e-01 8.024512454271409689e-01
1.974749358892440854e-01 7.508661848005411255e-01 8.067002711679417404e-01
2.025059394667107493e-01 8.164209240164231884e-01 7.885966980401920567e-01
2.076213928450525437e-01 8.371728466963728188e-01 8.262102897748080377e-01
2.126848777117378297e-01 8.007284420395595070e-01 7.585042786343795251e-01
2.173658659764095835e-01 8.093131079874614775e-01 7.600514237177686816e-01
2.223124144980626049e-01 7.740428016012463885e-01 7.811059873079426730e-01
2.275980139083235709e-01 7.501308121811116614e-01 7.503239360111545464e-01
2.326984049010097644e-01 7.255015563894848807e-01 7.972257886298937946e-01
2.375650852918624878e-01 7.823577111536189621e-01 7.250701366406459014e-01
2.424471662879663647e-01 7.302575433155749085e-01 6.819642514032876468e-01
2.474402878312357557e-01 7.267284121575795508e-01 7.309631713297877198e-01
2.524844791311205983e-01 6.971513477334314590e-01 7.224604890596029172e-01
2.575087911793679796e-01 7.342844758277230488e-01 7.059051827893596531e-01
2.625372643277745777e-01 6.844182142183071749e-01 6.486212587119124517e-01
2.674488866967814071e-01 6.651887875538469164e-01 6.523841576286628641e-01
2.724593739789928915e-01 6.800662921826828855e-01 7.049125419416021332e-01
2.775641303955593275e-01 6.344759078187094392e-01 6.453500927120866537e-01
2.826432385118166080e-01 6.511099921262547552e-01 6.576433266935487465e-01
2.875503792569830130e-01 6.198312916069002032e-01 6.025673724294755562e-01
2.923732014067137452e-01 5.996286509699390033e-01 5.842085150617802869e-01
2.974952666855347760e-01 6.235973951422019157e-01 6.031654363354115311e-01
3.025732013669680809e-01 5.619207318412646757e-01 6.716312140547581189e-01
3.075143514540406020e-01 5.937912979039057237e-01 5.516977556052434783e-01
3.124966426471657011e-01 5.707682952817927369e-01 5.474993320473350300e-01
3.174072768953111190e-01 5.578310952362653952e-01 5.326410408431060395e-01
3.224348160175661282e-01 5.314499856967641600e-01 5.703673587444247906e-01
3.275598108276601694e-01 5.725645924607892789e-01 5.795184957766783551e-01
3.325990246228963110e-01 5.309400398511694430e-01 5.514557173012533120e-01
3.375370221613464561e-01 5.496462624976684586e-01 5.256908664366858330e-01
3.423908650875091553e-01 5.274576850709169484e-01 5.468650265081513862e-01
3.475243191869839543e-01 5.066789383420262638e-01 5.246383489966375269e-01
3.526204999699686371e-01 4.775741069049080356e-01 5.039719558903120733e-01
3.575124336588222929e-01 5.371688691192498810e-01 4.768044874264765753e-01
3.624529507249891758e-01 4.642560425358830956e-01 4.656277396276767844e-01
3.675498033998199077e-01 4.734406666840201283e-01 4.699907888513028542e-01
3.725565723788115124e-01 4.879673543091322396e-01 4.387586563681193930e-01
3.775251786629579276e-01 4.595920243687167117e-01 4.410902220123179007e-01
3.825444652793112965e-01 4.316508974975733492e-01 4.227201036422744695e-01
3.875508754889763208e-01 4.149924094827358023e-01 4.352922983243072141e-01
3.924682142798170958e-01 3.748458941008999679e-01 4.159359899791807424e-01
3.974941700298004754e-01 3.949709326699855638e-01 4.047453764602710891e-01
4.025866373866981984e-01 4.048481944336621008e-01 3.806033998219577885e-01
4.075887755798262013e-01 3.861762585825188054e-01 4.181337021181507629e-01
4.124387292400701899e-01 4.234341068082313475e-01 4.295503869306661615e-01
4.174253062056980657e-01 3.629842334475277821e-01 3.386515797716243004e-01
4.225546355249569785e-01 3.734819643054069771e-01 3.223244965565209008e-01
4.275452816423644387e-01 3.578665529496931619e-01 3.127701115017422206e-01
4.324870259514822513e-01 3.376001667567575248e-01 3.890834284067998250e-01
4.374941021952427067e-01 3.241294707194081193e-01 3.859027107282251290e-01
4.424580192915391619e-01 3.433234314050909730e-01 3.205983593527907405e-01
4.474873585360391037e-01 2.962243040022351503e-01 2.918736622123290214e-01
4.525427790726901378e-01 3.099891640373449442e-01 3.036675309535154521e-01
4.575593464439344782e-01 3.160447304995305795e-01 2.551429849532725891e-01
4.625082838588746026e-01 2.779634515607802836e-01 2.788127142465288144e-01
4.674851712490562528e-01 2.583926237714422314e-01 2.745150434174287724e-01
4.725601238591832232e-01 2.461444213210123855e-01 2.542207256707705865e-01
4.775950511331215620e-01 2.696555173910998304e-01 2.508488883253213730e-01
4.825206461098862643e-01 2.492690170607222699e-01 2.085521643052752894e-01
4.874402719946088758e-01 2.674750536111789034e-01 2.345849730496326058e-01
4.925200592223242801e-01 2.426154388743709811e-01 2.124388479884050662e-01
4.975365839949369429e-01 2.070190309140619855e-01 2.191017695623991846e-01
5.025037984965704529e-01 2.176718989135063842e-01 2.026023505967846083e-01
5.075572147114322252e-01 2.508416237346659527e-01 2.081573340927010685e-01
5.125228407051584112e-01 2.222991991244748500e-01 2.364676529506725966e-01
5.174458511383320802e-01 2.229613342515800178e-01 1.748020745251469277e-01
5.224853814923644535e-01 1.861699113878074741e-01 2.095903532167282535e-01
5.275609551402401509e-01 1.864501413966354604e-01 1.679005259913012582e-01
5.325420008272679917e-01 1.491883287291591864e-01 1.865212984933269647e-01
5.374675898959762055e-01 1.728639024685040271e-01 1.779719735715468709e-01
5.425177179641491598e-01 1.862268896000674190e-01 1.578485454431910184e-01
5.475863309874955398e-01 1.503856833034366292e-01 1.622119771101950547e-01
5.525582752687024923e-01 1.759408572390012138e-01 1.851106462724077251e-01
5.574804428102063669e-01 1.394915291159488924e-01 1.740511469247575382e-01
5.625139044293676616e-01 1.525650539676154938e-01 1.237409927677119853e-01
5.675041312924480330e-01 1.773119911871123000e-01 1.595291338124362190e-01
5.724970027042484144e-01 1.580380769904894678e-01 1.168735884122240609e-01
5.775357342201695721e-01 1.194282254008795785e-01 1.391932738402775760e-01
5.824921194047679718e-01 1.314228356555758870e-01 1.365608435033981161e-01
5.873923130614447929e-01 1.101242916537414213e-01 1.113045617775466900e-01
5.924653629231656504e-01 1.180554832812266003e-01 1.139791990389955462e-01
5.975679196835719242e-01 1.267125004568154800e-01 1.122456858745529834e-01
6.025605786437938649e-01 1.112537348262123277e-01 1.056714108760251070e-01
6.074636804380586508e-01 1.472914135075721886e-01 1.370072114307405720e-01
6.124551004112357422e-01 1.207453877029536771e-01 9.943428409421789516e-02
6.175199954051294737e-01 1.370519492143185136e-01 8.557780507270223991e-02
6.224915962426643690e-01 1.074891762454163735e-01 9.677749774021451867e-02
6.274915557171136804e-01 7.918471615556750554e-02 8.921392297058057530e-02
6.325034887796818772e-01 4.959345677855885037e-02 6.431733915511224364e-02
6.374674518004223023e-01 8.309228812470910441e-02 1.027286462088899816e-01
6.424993050208196443e-01 7.760633122752638724e-02 1.076556106097294740e-01
6.475698107053261543e-01 3.881268093173884798e-02 6.919080117896748983e-02
6.525659580633673684e-01 9.227240637264530476e-02 5.802007474716827651e-02
6.574593256037588596e-01 9.627516853495175775e-02 8.911661099351948778e-02
6.624271988612899786e-01 9.308857203083564791e-02 7.064696888850617584e-02
6.675417019271585595e-01 8.993542112705722735e-02 9.520796195081066005e-02
6.725772533782964357e-01 1.768054797412234661e-02 2.290963637195998423e-02
6.774730984886959684e-01 4.641271791132869223e-02 2.414132394546038979e-02
6.824530178335233011e-01 4.150896761097123272e-02 4.027838557371685169e-02
6.875280661592433340e-01 6.286016595783144867e-02 2.167435057788728164e-02
6.925230179389753049e-01 4.519452148346996684e-02 6.375603714131353184e-02
6.975295769925410339e-01 2.510180477502263474e-02 4.158511687053093042e-02
7.025568770724331946e-01 2.132865963478561278e-02 5.971577889686814633e-02
7.074922850739089331e-01 5.399058982016860520e-02 3.832418303800049636e-02
7.124622482418867531e-01 3.191544454883154386e-02 6.783025006214953023e-02
7.175452271531412851e-01 2.287974546371004253e-02 4.241621399713111501e-02
7.225717784613484573e-01 3.359306523384219395e-02 3.698895552918740615e-02
7.275089624579016423e-01 2.625041755631542587e-02 1.802929514954974138e-02
7.324600466513193631e-01 6.858779908990310370e-02 2.896526268557282624e-02
7.375197398421006190e-01 2.104733842895977272e-02 -1.184025071342112781e-03
7.425451223097148112e-01 4.694961787763170247e-02 7.453599154768046631e-02
7.474842697394677993e-01 2.979537040524871463e-02 3.120490373322730437e-02
7.524852851764070039e-01 -1.814517754067919084e-02 5.633295458605444561e-02
7.575207617909872626e-01 6.827183595836104624e-02 1.656753486767343145e-02
7.624899512647149713e-01 4.598743075300878135e-03 1.169811854150046640e-02
7.674945370763794905e-01 1.294557901457473251e-02 -1.524883628777602869e-02
7.725794383408772781e-01 8.054195709833903566e-03 2.569778821189982673e-02
7.775418725495999439e-01 5.414216281120582015e-03 -1.598823034383689340e-03
7.824517841248074257e-01 2.378980424332032342e-02 1.021905504489833971e-02
7.874633419998022799e-01 1.152977284546021289e-02 -1.426469806941880331e-02
7.925074945210605071e-01 3.537749007966327439e-03 4.475737067829352323e-02
7.975320939675887288e-01 -8.503588938085062179e-04 2.256893481707348756e-02
8.025077203392373404e-01 5.056653142735898637e-02 2.992488941002854896e-02
8.075165978041417558e-01 1.315149660358684233e-02 7.091030768336789927e-03
8.125398262220836498e-01 -1.263270322009956911e-02 -7.392959840791572812e-03
8.174920854857439245e-01 1.288779811788500797e-02 1.465211811921194110e-02
8.225112352578536346e-01 -7.931186038346235700e-03 -2.834414529687113125e-03
8.275561555342915154e-01 -1.174699591093535458e-02 4.964679122709921011e-02
8.324952800697255073e-01 2.823930040953592183e-03 -3.324731408882087430e-02
8.374585586194417397e-01 -2.842448453760862675e-03 1.892023622706786104e-02
8.425409302494435426e-01 -1.060879596596121452e-02 1.077411664371363169e-03
8.475526048196360129e-01 -7.222542701332422023e-03 6.442487204105356961e-03
8.524865202798559416e-01 2.905848548243170418e-02 -3.542120732710072467e-02
8.574810042038077951e-01 -2.240552827990318144e-02 -3.421237023624602164e-02
8.625274263089646176e-01 6.112147871313992377e-03 -2.803406846677035380e-03
8.675245284508311672e-01 1.819751224013495261e-02 -2.651582099305662549e-02
8.724893182407091885e-01 4.552870888969771587e-03 1.773462340072833043e-02
8.774721006880088492e-01 -1.110317816418353656e-02 -1.533399863439864966e-02
8.824781156447413233e-01 -3.456529492323835197e-03 1.163595760559061124e-02
8.874595540954569595e-01 8.648055111189517641e-03 -1.463193247132381879e-02
8.924946553517479897e-01 2.124032146701195639e-02 -5.974886656613479299e-03
8.975478380653373334e-01 1.031239114448754407e-02 3.994813013590321066e-02
9.025072192470299237e-01 -1.434562145376720027e-02 2.145785025571828736e-02
9.074647804047671906e-01 -6.446544301002018681e-03 -2.989962249131141586e-02
9.125276216389043293e-01 -6.356810198872683143e-03 -2.782931378857972544e-03
9.175654489314823969e-01 -1.614817313716643971e-02 -6.109048667095245966e-03
9.225040210196280288e-01 2.348493497409661485e-02 1.840275402145162597e-03
9.274649349345547300e-01 2.767278190288626968e-02 2.560378988297350514e-02
9.324868719712484655e-01 1.742669568482599698e-02 -7.683956316691480798e-03
9.375016110539382552e-01 1.002004836527439074e-02 -4.225622247894321448e-02
9.424716917071948030e-01 3.904338271478937500e-02 -2.908099344896244737e-03
9.474990761212710444e-01 2.573700248385781333e-02 3.507220025983038419e-02
9.525075911681692986e-01 2.008779388345604058e-02 -1.594290771856678342e-03
9.574675710595634825e-01 -7.513888326047125747e-03 9.701455683483951181e-03
9.624903057428336739e-01 -6.080937923927652936e-03 8.163717448058372544e-03
9.675364381832723959e-01 5.417664190442314683e-03 4.798840828103091011e-02
9.724990590816093849e-01 -3.798898858117137622e-02 3.035222171968654514e-02
9.774623181229004087e-01 1.739094187456484419e-02 -1.143374154555527357e-02
9.824997772572167110e-01 -1.451919132949014944e-02 -3.674964478957472303e-02
9.875545656100468417e-01 -1.885082893114699634e-02 -1.303520773235024126e-02
9.925346890080131157e-01 -4.110387267486804302e-02 -1.776325476324155939e-02
9.975070331244173527e-01 3.028218190006932292e-02 -1.531089725580221661e-02
1.002498770764472802e+00 -9.920707285177608054e-03 -2.087127103023223365e-02
1.007506200378980088e+00 -9.383948401452674518e-03 -2.789356693149726979e-02
1.012495559833831660e+00 1.680683989878883206e-02 9.465462324283016246e-03
1.017503908866539408e+00 2.298569458440458124e-02 -2.022114347843482346e-02
1.022514394396538462e+00 -1.391008641857861567e-03 1.454721453100145563e-02
1.027473577884819855e+00 1.862314921228901479e-02 3.000271022913093832e-02
1.032488007762135895e+00 -3.502305529654139299e-02 -9.481213194172612505e-03
1.037540910373357050e+00 -9.420228442818433939e-03 -1.033481992699658049e-02
1.042524992865205613e+00 1.993928155894703947e-04 2.379726189867561667e-02
1.047496448742833319e+00 2.356152786315092104e-02 -5.485368475682785017e-02
1.052489723011072353e+00 7.433976451102672703e-03 1.891412634794395302e-03
1.057529570581920098e+00 -2.815002626805830632e-02 -1.150185425243358071e-03
1.062518130822190932e+00 3.203099920955007618e-02 -1.002544783506280172e-02
1.067492553025169988e+00 -1.325895460257116819e-02 1.768435984768303854e-02
1.072514417404221376e+00 -2.163148905386794510e-02 1.238695876096966575e-02
1.077496685713146496e+00 -4.749824439322693909e-02 -1.829473731726733582e-02
1.082487844389595777e+00 1.438768547066201706e-02 -2.019383453984327850e-02
1.087517338614010676e+00 -3.752221082517532419e-02 -4.798146146045827870e-02
1.092548835994813006e+00 3.585551304012610935e-02 7.670842720444781722e-03
1.097497870010857079e+00 2.712422488071987783e-02 -4.211566263511616615e-02
1.102442234435279556e+00 -8.652106781690781234e-03 5.438711543767587968e-04
1.107498110094682131e+00 7.268757416812442022e-03 -1.371070855284140487e-02
1.112540105583508687e+00 4.209931437613880986e-03 1.390773751048293748e-03
1.117505892961435432e+00 -7.062393752719517068e-03 -5.894558507041423867e-03
1.122505655337368458e+00 1.579150397366516426e-02 2.015965926140747544e-02
1.127503215581863394e+00 -5.523212054966814520e-03 4.513553085288563547e-03
1.132494129764635371e+00 2.986731106540817249e-02 -7.108485319936391940e-03
1.137497256809587798e+00 1.721351628628583000e-02 -1.913601259079108011e-02
1.142527052399778142e+00 -9.047396983928328654e-03 3.393328480486420412e-02
1.147507445986783559e+00 3.426254034041679997e-02 3.149737071823385803e-02
1.152458228647123883e+00 -4.268198840594036175e-02 -2.873778975317090728e-02
1.157471264758792362e+00 -7.134370782836502341e-03 1.485224725633935323e-02
1.162519315116649077e+00 -3.865545047042923121e-03 -3.165084828877568444e-03
1.167507685974803922e+00 -2.076097796844090029e-02 2.239435109632093024e-02
1.172483817401771544e+00 -4.253984683769392386e-03 -6.850201489830647604e-03
1.177500953150747431e+00 2.230120611941702885e-02 -6.288349882161289872e-02
1.182513264825158172e+00 -9.303888548253730351e-03 -1.836166695396242859e-02
1.187500052400491501e+00 4.876922052765340389e-03 -2.576268885280521767e-02
1.192500809460080191e+00 3.359920955468406940e-04 -4.406132651559023852e-03
1.197494514228965690e+00 7.138687964368362407e-03 -2.302524057996692755e-02
1.202491163223595061e+00 -2.003701044115183474e-02 -9.126212872911251828e-03
1.207496819733679727e+00 -9.129654060025809911e-03 -5.300154735860072158e-03
1.212518833360494597e+00 3.999953146570830315e-02 -8.366702728749579945e-03
1.217514647803850547e+00 1.642840263222262662e-02 3.766905818532258546e-03
1.222474992944385663e+00 -1.864366427797612205e-02 5.575347249476533124e-02
1.227492317396823962e+00 7.596303816427840694e-03 1.044675842338478079e-02
1.232534837036345365e+00 -4.584600107206261536e-03 2.210849668357494843e-02
1.237528277128428611e+00 4.260617500704188404e-02 -4.964882970129408553e-03
1.242488688180570788e+00 -1.017052725308474626e-02 -2.837547059278081388e-02
1.247490006978946964e+00 -3.162368843254858425e-02 2.248001387135800753e-03
1.252504806360081879e+00 1.818612347263723686e-02 -2.377597726471229397e-02
1.257500192399624295e+00 2.665571665093274117e-02 -3.398537289043805643e-02
1.262515137146281941e+00 -2.450276796933091930e-02 3.894288599986491656e-02
1.267534320784527546e+00 -4.280459307271197028e-02 -9.662091614271908768e-03
1.272505085023767135e+00 -9.713264639461115235e-03 -4.143070217327642774e-02
1.277504009787307382e+00 -3.543378634994516409e-03 -1.787286647325147821e-03
1.282539679173874791e+00 -5.940688538561490067e-02 -3.310274190225059865e-02
1.287540449305639489e+00 1.362953695196563071e-02 5.107970078997135788e-02
1.292476777621742956e+00 3.234096558473044392e-02 -2.678650873174990774e-02
1.297469074021373237e+00 -1.484816824708438780e-02 1.677531822085898822e-02
1.302519494298144398e+00 -1.839890940924999649e-02 2.706230071400000589e-02
1.307535772694660370e+00 2.466605834001359479e-03 3.301674453160523964e-02
1.312496027196192294e+00 -1.453020145324118023e-02 3.836342793913623261e-02
1.317486540505191206e+00 -5.078534680558107611e-02 3.483523359976260086e-02
1.322510300058140409e+00 5.413676542574305008e-03 1.133658811387807525e-02
1.327502261686310137e+00 -4.687990850496674688e-02 -2.677396048463033789e-03
1.332489506615674113e+00 -7.148807244702898647e-03 1.595374097970655991e-02
1.337522470453180068e+00 -1.331410215666789347e-02 -4.638643696949523720e-02
1.342514091668604470e+00 -3.416207246324725472e-02 -1.898446082359134951e-02
1.347482631657350938e+00 2.396965430221695281e-02 -7.778981772963188164e-03
1.352513692146456670e+00 -6.823095949874864903e-03 5.477653017678472264e-03
1.357533627830272982e+00 -9.702230403982339824e-03 3.986296479053687974e-02
1.362503586022334900e+00 2.764911602329709131e-02 -2.571077235026634697e-02
1.367490843640743581e+00 -3.000214471147285753e-04 4.704454629152313855e-02
1.372511269604600681e+00 2.614203882227635750e-02 -2.339952141371419089e-02
1.377512663824161265e+00 -1.695891027373047991e-02 -3.187989808492761035e-02
1.382486813688863947e+00 -7.992630019774307759e-03 -4.452729190143919075e-02
1.387495889226808110e+00 1.667100735951205365e-02 -6.391072410497961390e-03
1.392505456282616239e+00 -2.647693178371123435e-03 1.219509818943230288e-02
1.397484791046613273e+00 -7.325005456995396270e-03 1.592621984446275160e-02
1.402490176143483813e+00 -2.277584511842929704e-02 2.175892823855326424e-02
1.407531815581354984e+00 -5.199456667814457422e-02 1.320127216880568471e-02
1.412523090059538911e+00 2.661572488362125549e-03 5.071110723511626679e-03
1.417470237585527482e+00 5.165598687386562145e-03 6.952630368468573803e-03
1.422481446964255047e+00 -2.962740836313403677e-03 4.056792249435016429e-02
1.427522490986277370e+00 1.336010650440382086e-02 -8.676358412825347158e-03
1.432506773248589660e+00 -5.559161230192918510e-03 -1.042836814525559958e-02
1.437482152676767155e+00 -7.101476917689272458e-03 -5.771027189426419096e-02
1.442510296161722216e+00 -8.559370494131805090e-03 -2.334743472406992232e-03
1.447501085436458279e+00 -1.081748881739732658e-03 -3.185402772098885893e-02
1.452484542592274330e+00 8.283235310050365494e-03 -3.315004937380527927e-02
1.457523527930187912e+00 6.219411590807053664e-03 4.006667081784785062e-02
1.462527692555643855e+00 -2.979940694799323303e-02 5.450622725670734893e-03
1.467470865250338319e+00 2.789417564737311020e-02 -1.696829273538173755e-02
1.472475366460550106e+00 -6.459313331116559899e-03 -7.468773795738784492e-03
1.477526472524137047e+00 3.505353898921383105e-02 -2.862789126634594783e-02
1.482538893305022087e+00 4.120072363044262852e-03 2.055491046998591392e-02
1.487497515469307308e+00 1.960890613377030620e-02 -7.451388814088304342e-03
1.492483525866932004e+00 2.064072009228009805e-02 1.935008825659793527e-02
1.497515867534237932e+00 -2.003842235880054501e-02 2.117929160558896726e-02
1.502515344543103648e+00 -3.291853253813931124e-02 -1.314171941731022766e-02
1.507507468528652250e+00 2.308100008065687436e-03 -5.266489541058360507e-03
1.512513902105389718e+00 -3.439921064598294720e-02 2.175664862048225928e-02
1.517496481001598951e+00 3.966069843663343197e-03 4.136000931480509832e-03
1.522484644024807876e+00 2.194022195498606873e-02 2.823078144326305813e-02
1.527504855990671206e+00 1.410118700269338311e-02 -2.490605241388646127e-02
1.532531147839254482e+00 -2.680426957850126288e-02 6.759094485134540392e-03
1.537494635973614576e+00 -4.146663009384012749e-02 -3.815104583917015152e-02
1.542468949914497678e+00 1.975004174154885647e-02 -7.977301285821804255e-02
1.547521714506478130e+00 -1.494335377914553752e-02 5.552799845480439755e-02
1.552522707395029844e+00 -1.702087964246006349e-02 3.102635560404127038e-03
1.557491615039481969e+00 -4.362242913846959419e-02 -1.055320237783692085e-02
1.562487101382902699e+00 -1.448710111004686100e-02 1.160373673039736923e-02
1.567499036092217191e+00 -1.914214286798783873e-02 -1.531250707174980005e-02
1.572506495183822350e+00 -1.817117775139683380e-03 -2.567132693340125685e-02
1.577504454097702347e+00 -6.728508607290663301e-03 -1.832063057248336374e-02
1.582531417734013068e+00 3.857751522761183275e-03 -1.363935441613252190e-02
1.587526479681066860e+00 1.293839184810552205e-02 -8.073309914461195003e-03
1.592472073195351889e+00 -1.884979998072281587e-02 -1.803739233911309109e-02
1.597494157760317446e+00 -4.347339157234267684e-03 -4.350583323597350185e-03
1.602541434735287096e+00 -7.329291081467911341e-03 3.129040797969952908e-02
1.607518074269043806e+00 7.448465293978276218e-04 2.427249241413752950e-02
