# Propagator = cross power / initial power /(Gf*b) 
# Gf = 0.61207 
# b=1.4 
# 
# k 	 	 	 Propagator (mu=0.05) 	 Propagator (mu=0.95)
0.000000000000000000e+00 nan nan
6.283185444772243500e-03 9.662064066763240699e-01 1.456336415725685951e+00
1.256637088954448700e-02 7.789191495074710980e-01 1.212663080011979089e+00
1.966525241732597351e-02 8.890354195030097939e-01 1.329025358973350723e+00
2.083896659314632416e-02 8.975876676893620454e-01 1.383740051020165174e+00
2.615409799747996783e-02 9.107589790620616021e-01 1.443728990025682446e+00
3.337243713793300315e-02 8.968772244973622909e-01 1.383839811732184621e+00
3.880443309362117954e-02 8.621504597205330578e-01 1.523092246383522363e+00
4.236900824166479895e-02 9.108898687858068000e-01 1.419979426682332901e+00
4.712833410927227268e-02 8.640828115235225093e-01 1.400153943479326424e+00
5.249325669295078906e-02 8.624267514443397786e-01 1.434424006845188115e+00
5.793494871921009426e-02 8.952289508050547129e-01 1.413551379904693484e+00
6.273677498102188388e-02 8.909304977579463047e-01 1.405784538896863944e+00
6.751902166165803243e-02 8.974664857851458732e-01 1.406454748164554625e+00
7.253747781117757254e-02 9.096502736559184399e-01 1.367685591604810735e+00
7.742520265373183108e-02 9.288497019728149118e-01 1.431376723352978164e+00
8.265626833719365296e-02 9.680852656083923646e-01 1.348343287984325567e+00
8.799044104273785749e-02 9.374309466089282283e-01 1.370253760617112793e+00
9.246685121501430071e-02 8.959556755134124861e-01 1.386612238085672244e+00
9.705377946938237299e-02 9.624906692940294883e-01 1.357160522539295089e+00
1.025626622390427012e-01 9.521383994432777165e-01 1.291764680074919625e+00
1.078756042074837107e-01 9.764186282377328441e-01 1.290031844727703270e+00
1.126498889503062956e-01 9.707679950653012035e-01 1.287141058954680561e+00
1.174311258295584054e-01 9.674150142377428985e-01 1.338046468317847015e+00
1.224265294149518013e-01 9.976426072339086293e-01 1.311416692344544499e+00
1.274705401188890586e-01 9.415020023094237134e-01 1.254379686060877352e+00
1.325767932299575236e-01 9.701207002087472997e-01 1.200184420738491076e+00
1.377046334500215408e-01 9.691592413425164088e-01 1.228057822646433372e+00
1.425797256916889189e-01 9.628284368351114342e-01 1.207996095274344039e+00
1.473307137338208395e-01 9.671140501323922667e-01 1.151633576137327974e+00
1.524089232036278108e-01 9.662048122254769389e-01 1.151339474394032392e+00
1.575936262424175449e-01 9.514878928799027635e-01 1.088168103003981146e+00
1.625684273167739557e-01 9.831848644076346400e-01 1.100511473997314749e+00
1.673352439543579206e-01 9.906803702704276571e-01 1.085236286191913369e+00
1.724435356781654771e-01 9.278076213934487448e-01 1.007134500883298589e+00
1.775138082747495516e-01 9.451521325291164510e-01 1.047859786523019698e+00
1.824936165467842542e-01 9.755553252817842358e-01 1.018981464990880603e+00
1.876230745866734606e-01 9.162777046717844875e-01 9.982435754308058851e-01
1.926019267409309899e-01 9.477282722697066841e-01 9.243753393358582482e-01
1.974749358892440854e-01 9.072876411225916371e-01 8.794345837098282992e-01
2.025059394667107493e-01 9.258472570679937563e-01 8.922259092037049255e-01
2.076213928450525437e-01 9.443211907636098745e-01 9.332900101487848765e-01
2.126848777117378297e-01 9.094456402092448988e-01 8.181663499736703260e-01
2.173658659764095835e-01 9.823716755912232923e-01 7.847516841854353942e-01
2.223124144980626049e-01 9.129012559115541325e-01 8.276607368443625878e-01
2.275980139083235709e-01 9.250998879960579124e-01 7.420688794436528513e-01
2.326984049010097644e-01 8.680462968024830195e-01 7.959178898369373423e-01
2.375650852918624878e-01 9.179954297530591445e-01 6.961107643289313751e-01
2.424471662879663647e-01 8.774049370177338103e-01 6.408084152887767448e-01
2.474402878312357557e-01 8.697142878604415817e-01 6.780038447052348927e-01
2.524844791311205983e-01 8.654794395600012846e-01 6.888803599354873519e-01
2.575087911793679796e-01 8.703908323527228541e-01 6.582006134023757893e-01
2.625372643277745777e-01 8.425262982931079891e-01 5.897807850667085017e-01
2.674488866967814071e-01 8.469134215841235269e-01 5.904823251216462232e-01
2.724593739789928915e-01 8.564081300896183579e-01 6.319937870290663895e-01
2.775641303955593275e-01 8.539836235289776090e-01 5.445267043489573355e-01
2.826432385118166080e-01 8.023353542718804077e-01 5.381694496619011669e-01
2.875503792569830130e-01 8.116598126058631735e-01 4.763121599383157712e-01
2.923732014067137452e-01 7.781788767213644320e-01 4.897618726056461869e-01
2.974952666855347760e-01 8.295939048251427250e-01 5.129340459108492345e-01
3.025732013669680809e-01 7.470241110813594654e-01 5.194738357333392731e-01
3.075143514540406020e-01 8.253215808314989799e-01 4.384754768790748436e-01
3.124966426471657011e-01 7.725242724414912443e-01 4.536899857111746925e-01
3.174072768953111190e-01 7.784914397101807548e-01 4.242392615606063733e-01
3.224348160175661282e-01 7.502718377311692333e-01 4.391539140234790861e-01
3.275598108276601694e-01 7.739942353801250174e-01 4.087925654180911694e-01
3.325990246228963110e-01 7.306305411751503609e-01 4.000860758013368157e-01
3.375370221613464561e-01 7.639577060089081106e-01 3.897949862864347192e-01
3.423908650875091553e-01 7.389820108843181412e-01 3.967610701718712884e-01
3.475243191869839543e-01 7.273096182752387673e-01 3.639999873993751689e-01
3.526204999699686371e-01 6.794868137116975015e-01 3.421360099059242432e-01
3.575124336588222929e-01 7.392082784976382603e-01 2.810111817568728965e-01
3.624529507249891758e-01 7.010612392967304762e-01 2.892212758065864087e-01
3.675498033998199077e-01 6.884723404595513019e-01 2.650491750476361985e-01
3.725565723788115124e-01 7.101116385664951736e-01 2.689379416036921655e-01
3.775251786629579276e-01 6.706370806144577035e-01 2.802339982448667222e-01
3.825444652793112965e-01 6.579194343184230354e-01 2.303859984918591453e-01
3.875508754889763208e-01 6.587004504900347834e-01 2.761850450418315006e-01
3.924682142798170958e-01 6.230878978370449905e-01 2.135227340044873745e-01
3.974941700298004754e-01 6.156089256118600916e-01 2.717253781593683137e-01
4.025866373866981984e-01 6.601705020312937933e-01 2.309739181827452914e-01
4.075887755798262013e-01 5.709026402585585247e-01 2.140692332799771225e-01
4.124387292400701899e-01 6.207060813615842276e-01 2.364007715156358491e-01
4.174253062056980657e-01 6.039501860314963055e-01 1.892772580334027566e-01
4.225546355249569785e-01 6.326039744583739077e-01 1.692722404708282002e-01
4.275452816423644387e-01 6.068063624181860849e-01 1.846738091826387040e-01
4.324870259514822513e-01 5.708918426763657239e-01 2.097202047265255831e-01
4.374941021952427067e-01 5.522353699627557955e-01 1.655731905950641458e-01
4.424580192915391619e-01 6.042579365037076267e-01 1.497597844985167626e-01
4.474873585360391037e-01 5.721169300476924846e-01 1.477314621272410589e-01
4.525427790726901378e-01 5.312867017584015361e-01 1.524937597532143863e-01
4.575593464439344782e-01 5.320944210899628546e-01 1.407005325263547268e-01
4.625082838588746026e-01 5.354233348788540736e-01 9.755386092399760678e-02
4.674851712490562528e-01 4.872421995186659305e-01 1.403435565746871394e-01
4.725601238591832232e-01 5.031638486211694739e-01 9.090377128105427140e-02
4.775950511331215620e-01 5.054226174758954526e-01 1.133409556475196145e-01
4.825206461098862643e-01 4.863008782210332392e-01 8.774597054502350502e-02
4.874402719946088758e-01 4.752105322878005245e-01 1.199800054080010364e-01
4.925200592223242801e-01 4.508063461256061610e-01 8.474935164900984641e-02
4.975365839949369429e-01 4.885777407080528767e-01 8.572303146812133845e-02
5.025037984965704529e-01 4.743677651756062486e-01 8.073758929509870785e-02
5.075572147114322252e-01 4.775856500883874922e-01 8.355620313031336677e-02
5.125228407051584112e-01 4.458568278810944308e-01 1.017416711872307367e-01
5.174458511383320802e-01 4.354935275618391777e-01 6.068322111459402424e-02
5.224853814923644535e-01 4.109557520499109162e-01 8.558461976646003500e-02
5.275609551402401509e-01 4.403142052277004836e-01 4.203238275736474738e-02
5.325420008272679917e-01 3.957566453312839072e-01 8.328996036422103844e-02
5.374675898959762055e-01 4.066515228473566168e-01 3.248925468728554311e-02
5.425177179641491598e-01 4.063031546802003402e-01 5.609469134767386400e-02
5.475863309874955398e-01 3.675921777590946404e-01 5.219405879995836495e-02
5.525582752687024923e-01 3.938014274455309272e-01 3.319991578812617888e-02
5.574804428102063669e-01 3.943801684622337822e-01 6.181590363566798196e-02
5.625139044293676616e-01 3.354472875453869407e-01 7.837262930696893559e-02
5.675041312924480330e-01 3.430621055300608346e-01 4.637423403078794887e-02
5.724970027042484144e-01 3.555893695556659462e-01 5.045344903357902588e-02
5.775357342201695721e-01 3.232207257274023471e-01 5.874602364541924721e-02
5.824921194047679718e-01 3.802695068931948308e-01 7.081583222762236063e-02
5.873923130614447929e-01 3.328494984278608237e-01 6.087627901777756256e-02
5.924653629231656504e-01 3.261171773667433382e-01 2.154069429688126522e-02
5.975679196835719242e-01 3.171834168549886868e-01 -5.046135191359711917e-04
6.025605786437938649e-01 3.115872795829499609e-01 1.990011370523168607e-02
6.074636804380586508e-01 2.985550354461737332e-01 3.691057605122567004e-02
6.124551004112357422e-01 3.204364008561428334e-01 4.980948556583456727e-02
6.175199954051294737e-01 3.503367230980923841e-01 2.561107012486746673e-02
6.224915962426643690e-01 2.980425261605443299e-01 1.391750398069480608e-02
6.274915557171136804e-01 2.628512500374781680e-01 1.843624470013248071e-02
6.325034887796818772e-01 3.159428662335280191e-01 4.082582721325805214e-02
6.374674518004223023e-01 2.740803640980993827e-01 8.851531078099645830e-04
6.424993050208196443e-01 2.350266965222886084e-01 1.622726662968954070e-02
6.475698107053261543e-01 2.556915689119696466e-01 4.311895305852194576e-02
6.525659580633673684e-01 2.366960798881577455e-01 -2.629791033405296657e-02
6.574593256037588596e-01 2.636631416708647979e-01 1.527763040608245450e-02
6.624271988612899786e-01 2.583058852522103765e-01 1.663047128310798234e-02
6.675417019271585595e-01 2.419308021443904166e-01 -4.249202147257573857e-03
6.725772533782964357e-01 2.141892705112290463e-01 4.349269529578990434e-02
6.774730984886959684e-01 2.001488481710193279e-01 -7.590061575878921316e-03
6.824530178335233011e-01 2.312748966889693891e-01 2.581876902716167752e-02
6.875280661592433340e-01 1.974272140261608688e-01 3.107249794711050561e-02
6.925230179389753049e-01 2.286710977732893113e-01 2.487539931877144964e-02
6.975295769925410339e-01 2.004608267627934759e-01 -2.419495282527400412e-02
7.025568770724331946e-01 1.896476135292151921e-01 4.993883253433945880e-03
7.074922850739089331e-01 1.843082262543648542e-01 1.120739699207442923e-02
7.124622482418867531e-01 1.978526652098125949e-01 1.769067051126947676e-02
7.175452271531412851e-01 1.426153276385657143e-01 1.597075101476562453e-02
7.225717784613484573e-01 1.805593694849774722e-01 1.813069377328822753e-03
7.275089624579016423e-01 1.651422446613540485e-01 -1.921311730727253905e-02
7.324600466513193631e-01 1.957055908168968961e-01 3.767936474385970291e-02
7.375197398421006190e-01 1.860544364180748145e-01 -5.062641255919336607e-03
7.425451223097148112e-01 1.910058816955197414e-01 2.395504345705765353e-03
7.474842697394677993e-01 1.255120160520294681e-01 7.124990330992396134e-03
7.524852851764070039e-01 1.455686709861852279e-01 1.033971801111743197e-03
7.575207617909872626e-01 1.293507212397198847e-01 -5.519917745931025334e-03
7.624899512647149713e-01 1.483358347673490174e-01 -1.426044571917001354e-02
7.674945370763794905e-01 1.159423290804022233e-01 3.054911804910863046e-02
7.725794383408772781e-01 1.123652145677482284e-01 -7.257057395134462394e-03
7.775418725495999439e-01 1.316912127676770072e-01 -1.347198072069825600e-02
7.824517841248074257e-01 7.848211318269927850e-02 -1.183898877705901256e-02
7.874633419998022799e-01 1.282845367700950756e-01 -1.619512247947925074e-02
7.925074945210605071e-01 1.214171986943606285e-01 1.714013495014801367e-02
7.975320939675887288e-01 1.529503422270187263e-01 1.302307274127784305e-02
8.025077203392373404e-01 1.079989915578797310e-01 1.272864962504359140e-02
8.075165978041417558e-01 1.200071158373103991e-01 3.173897096032059217e-02
8.125398262220836498e-01 8.239037594335753278e-02 9.955629979527194293e-03
8.174920854857439245e-01 9.085455457093556675e-02 -1.077113043082455861e-02
8.225112352578536346e-01 1.543915813313622709e-01 1.616314899562214247e-02
8.275561555342915154e-01 1.054817997995694950e-01 1.571278016690573140e-02
8.324952800697255073e-01 1.086680116627688208e-01 -1.243608338057352811e-02
8.374585586194417397e-01 7.512616666483572236e-02 2.393000764549991187e-03
8.425409302494435426e-01 1.079837469538621891e-01 -3.310414703262136438e-02
8.475526048196360129e-01 8.595912927240995094e-02 4.028102731119313079e-02
8.524865202798559416e-01 8.329134053267850391e-02 1.338513416184161295e-02
8.574810042038077951e-01 9.158443670255904390e-02 1.436540661773581980e-02
8.625274263089646176e-01 9.937701207304654172e-02 -1.934288780427965287e-02
8.675245284508311672e-01 6.829215287036224935e-02 -1.648816370980806661e-02
8.724893182407091885e-01 8.508630282980614301e-02 1.572124538231719354e-02
8.774721006880088492e-01 8.145949144576848655e-02 -1.506242897021191135e-03
8.824781156447413233e-01 6.136484610037042792e-02 -6.439984051505827367e-02
8.874595540954569595e-01 5.269961787776406698e-02 1.984647231033535592e-03
8.924946553517479897e-01 8.412391287463656664e-02 -6.548864695619030854e-03
8.975478380653373334e-01 4.949479216692347777e-02 -4.498718359081752688e-02
9.025072192470299237e-01 4.094628829992519314e-02 -1.855999531597141844e-02
9.074647804047671906e-01 8.777636129981773727e-02 1.449924129545514598e-02
9.125276216389043293e-01 4.628086722320368801e-02 2.021455454031152038e-02
9.175654489314823969e-01 4.939493029065489260e-02 -1.118719529789191300e-02
9.225040210196280288e-01 6.843743793129157538e-02 -1.501097316258282258e-02
9.274649349345547300e-01 5.004790286979309000e-02 -2.781258160765863290e-03
9.324868719712484655e-01 7.230726035164881937e-02 2.357963204530247672e-02
9.375016110539382552e-01 5.702770523910408867e-02 2.286427800458866802e-02
9.424716917071948030e-01 6.819582111770142174e-02 -1.447037587923075651e-02
9.474990761212710444e-01 4.841798612553119274e-02 3.315634925179649500e-03
9.525075911681692986e-01 5.491869537298622178e-02 -1.840605187356791905e-02
9.574675710595634825e-01 4.439789618906640062e-02 -8.039999301250535732e-03
9.624903057428336739e-01 1.805887016326450725e-02 3.705757483565844806e-02
9.675364381832723959e-01 6.157163601652011070e-02 5.658947318040492488e-03
9.724990590816093849e-01 -9.855864224345403028e-05 1.376337222798399741e-02
9.774623181229004087e-01 4.219999745659887280e-02 5.039831077580611031e-03
9.824997772572167110e-01 3.300376215602796037e-02 2.895588113984813583e-02
9.875545656100468417e-01 7.596620970541484441e-02 -1.896158236672193834e-04
9.925346890080131157e-01 3.044351451975385939e-02 2.137955774473526693e-02
9.975070331244173527e-01 -1.713609306202796417e-02 7.273953714052272708e-03
1.002498770764472802e+00 3.339262548777628681e-02 -3.468481468851541960e-02
1.007506200378980088e+00 3.393388513782541471e-02 6.135159675988282116e-03
1.012495559833831660e+00 4.783521663451369837e-02 -2.351147940392160889e-03
1.017503908866539408e+00 7.750069872072314070e-02 7.370350575532338272e-03
1.022514394396538462e+00 2.645145108084993868e-02 -4.916139239434652586e-03
1.027473577884819855e+00 9.283836250238455129e-03 -3.554340952486847224e-03
1.032488007762135895e+00 5.155107797809262149e-02 -1.706221566074899582e-02
1.037540910373357050e+00 -1.389993706069463444e-02 -4.593360170807486015e-02
1.042524992865205613e+00 3.415422045029932463e-02 7.030067546279747219e-03
1.047496448742833319e+00 1.331298731345629399e-02 -5.631232423867741158e-03
1.052489723011072353e+00 4.062608316719094892e-02 -1.624655770976389871e-02
1.057529570581920098e+00 3.072355724782114238e-03 4.036558397621950456e-02
1.062518130822190932e+00 4.206615546760687080e-02 -1.821818864605836974e-02
1.067492553025169988e+00 4.830560988856643506e-03 -1.695347416857950415e-02
1.072514417404221376e+00 3.525277586575748748e-03 2.863787034570880116e-02
1.077496685713146496e+00 1.967246311276123552e-02 1.115845453401979707e-02
1.082487844389595777e+00 1.584055239838004156e-02 9.428400848179986291e-03
1.087517338614010676e+00 2.450625738263197129e-02 -1.575168547887952292e-03
1.092548835994813006e+00 1.403013211707078954e-02 -9.314138324814195957e-03
1.097497870010857079e+00 -3.445124144074344918e-02 1.684771004366191274e-02
1.102442234435279556e+00 -3.712680205038110942e-02 -4.635499444836399009e-03
1.107498110094682131e+00 2.918174460467865342e-02 -2.499897138617210995e-02
1.112540105583508687e+00 -1.540185955684280142e-02 -1.539286598076084617e-02
1.117505892961435432e+00 2.119805477260029020e-02 9.209308089788538834e-03
1.122505655337368458e+00 2.183640300906858692e-02 6.864050677507349714e-03
1.127503215581863394e+00 3.828719027816872029e-03 -2.813208771593130042e-02
1.132494129764635371e+00 -2.139294476650479768e-02 -9.602274123491008270e-03
1.137497256809587798e+00 -1.175245648903303162e-03 -4.412769217372504091e-03
1.142527052399778142e+00 1.840567134391807996e-02 -2.334036465517060066e-02
1.147507445986783559e+00 2.994035755559311049e-02 3.573338006306469444e-02
1.152458228647123883e+00 3.903732156891021737e-02 1.251580997161891307e-02
1.157471264758792362e+00 -3.036142083518647908e-02 -1.949680859373408362e-02
1.162519315116649077e+00 -3.753153163207664095e-02 -2.864032612901142721e-02
1.167507685974803922e+00 -6.331462481238581694e-04 -9.566803400803155014e-03
1.172483817401771544e+00 -2.714985876459343524e-03 -1.160702494970959099e-02
1.177500953150747431e+00 1.314671135453866942e-02 2.377385357671928795e-02
1.182513264825158172e+00 -1.129426419292888645e-02 3.720448520242720242e-02
1.187500052400491501e+00 -2.324744381689614406e-02 -2.429512654871065699e-02
1.192500809460080191e+00 1.763317396533522347e-02 -3.481923396370335128e-02
1.197494514228965690e+00 4.504262484196784426e-03 8.845062524421383812e-03
1.202491163223595061e+00 -2.366926818741646107e-02 4.506580424109155047e-02
1.207496819733679727e+00 1.416474709423667933e-02 -1.048970933801347816e-02
1.212518833360494597e+00 4.228316138604968494e-02 2.329021693220813607e-02
1.217514647803850547e+00 2.025658911921134151e-03 -2.372206526458002854e-02
1.222474992944385663e+00 -4.509030598875685136e-02 6.219013039321589185e-03
1.227492317396823962e+00 -6.279587653920734721e-04 -2.602539961838144442e-02
1.232534837036345365e+00 -9.881966428302267624e-03 1.555257035648803781e-03
1.237528277128428611e+00 5.185261231984703185e-03 -3.272208491218361881e-02
1.242488688180570788e+00 -3.804132915110643165e-02 -2.632556458972467803e-02
1.247490006978946964e+00 1.395628515718759510e-02 6.891697772770468723e-04
1.252504806360081879e+00 2.198028309430553190e-02 2.475251459337625068e-02
1.257500192399624295e+00 3.139740787117741017e-02 -1.296609398536883832e-02
1.262515137146281941e+00 3.158236281195769130e-02 -7.274833204238298446e-04
1.267534320784527546e+00 1.599392080883502848e-02 4.783339113652773991e-03
1.272505085023767135e+00 2.458440793855942025e-03 2.962720256708750027e-02
1.277504009787307382e+00 1.737547175719851913e-02 -7.897624214111264099e-03
1.282539679173874791e+00 1.940390916240420857e-02 1.151833487806208471e-02
1.287540449305639489e+00 -1.639421985509850049e-02 1.117272568038364710e-03
1.292476777621742956e+00 1.513563088604267907e-02 9.606285027091640560e-03
1.297469074021373237e+00 -2.384140119153500305e-03 -4.529687340512426885e-02
1.302519494298144398e+00 -3.827262502508604067e-04 3.859436228276370145e-02
1.307535772694660370e+00 -2.549100565853448797e-02 -1.424012904195791698e-02
1.312496027196192294e+00 -6.196290244411298970e-02 1.530953690923514410e-02
1.317486540505191206e+00 -3.225560091507795844e-03 -1.047843140690123825e-02
1.322510300058140409e+00 -1.846481011839972916e-02 1.326740994841408986e-03
1.327502261686310137e+00 2.592214740788778646e-03 -6.728229200241401219e-03
1.332489506615674113e+00 5.612546958592234264e-02 4.516454581225847441e-03
1.337522470453180068e+00 -1.092765630468478348e-02 1.738102324771153596e-03
1.342514091668604470e+00 1.968795826276446836e-02 -4.003431608402064495e-02
1.347482631657350938e+00 -2.273849213772268993e-02 2.798822659765179063e-02
1.352513692146456670e+00 -1.973017914495237002e-02 -2.915974508917099431e-02
1.357533627830272982e+00 -9.574552081079117441e-03 1.758031037995349448e-03
1.362503586022334900e+00 1.295765430502378822e-02 2.529839457120774612e-02
1.367490843640743581e+00 -3.360430359515577392e-02 1.869601828641295066e-02
1.372511269604600681e+00 -1.531994669546556456e-02 7.374195766771461484e-03
1.377512663824161265e+00 6.728150047796036676e-03 3.706169662033509393e-02
1.382486813688863947e+00 -6.893623536080203430e-03 -4.953480082135298251e-02
1.387495889226808110e+00 2.418468810919196382e-02 3.302372263089026205e-02
1.392505456282616239e+00 3.301019961878228631e-02 -1.576172327085816754e-02
1.397484791046613273e+00 -6.811086348722428241e-02 -8.781534334573074668e-03
1.402490176143483813e+00 1.749803704089029563e-02 -2.705479102637774191e-02
1.407531815581354984e+00 -9.736726223213192088e-03 -2.474430299467395705e-02
1.412523090059538911e+00 3.452417286971253690e-02 -1.453540327810105143e-02
1.417470237585527482e+00 -1.562856936586703993e-02 -5.055082411913274128e-03
1.422481446964255047e+00 -1.369740121376816257e-02 -4.946459351117996929e-03
1.427522490986277370e+00 3.086586633946674513e-02 7.975264809707135680e-03
1.432506773248589660e+00 4.501732380625112634e-03 5.019609509866715218e-03
1.437482152676767155e+00 -1.756848584444721528e-02 2.123195602371507826e-02
1.442510296161722216e+00 1.106237857853517234e-02 2.630450766857948472e-02
1.447501085436458279e+00 -2.492578610619921795e-02 -1.691777611427741287e-02
1.452484542592274330e+00 1.355061103370218054e-02 -1.913606465382761178e-03
1.457523527930187912e+00 1.807657139599171819e-02 -3.306508991532886715e-02
1.462527692555643855e+00 9.909073384064846779e-03 -4.002738887819071167e-02
1.467470865250338319e+00 9.162853232788280289e-03 7.955720728113048696e-04
1.472475366460550106e+00 5.619138834316737829e-02 -8.299597061859335934e-03
1.477526472524137047e+00 -2.232741075906023720e-02 1.824566829514234420e-02
1.482538893305022087e+00 5.842815603484587117e-02 2.547670589609392702e-02
1.487497515469307308e+00 5.425555801490968694e-02 -8.365896629585291289e-03
1.492483525866932004e+00 -8.325103918703100070e-03 2.999246013672349220e-02
1.497515867534237932e+00 1.200154417683575898e-02 5.302221219439682762e-04
1.502515344543103648e+00 -3.481236293278468924e-02 -2.330073589483995858e-02
1.507507468528652250e+00 -3.860581049272816118e-02 1.601623577813878971e-02
1.512513902105389718e+00 2.272115912758660653e-03 8.300831473804023627e-03
1.517496481001598951e+00 3.253306614217584686e-02 7.961320774197552450e-03
1.522484644024807876e+00 4.011892795360788577e-02 -3.727694737090019722e-02
1.527504855990671206e+00 5.088422627363877598e-02 -2.390350636468138723e-02
1.532531147839254482e+00 -3.381338317156085127e-02 -4.155713873937608160e-03
1.537494635973614576e+00 1.670618413639383959e-02 1.298798260603695361e-02
1.542468949914497678e+00 -1.532215421797990772e-02 4.538068834735150409e-02
1.547521714506478130e+00 1.810858978396909583e-02 -1.156617323839892290e-02
1.552522707395029844e+00 -4.196654944461424702e-02 2.358579928550293137e-02
1.557491615039481969e+00 1.845360745815916026e-02 3.378883685038402800e-03
1.562487101382902699e+00 1.293960181002482522e-02 -2.313212217804547222e-02
1.567499036092217191e+00 2.162714696776938533e-02 4.267016402215541293e-02
1.572506495183822350e+00 2.047725536096508051e-02 -3.244530480072030376e-02
1.577504454097702347e+00 -1.018125446219571425e-03 1.755658838407045397e-02
1.582531417734013068e+00 -2.165845331898193921e-02 -3.190865200117078831e-02
1.587526479681066860e+00 -2.730250909889281666e-02 2.275509160691088252e-03
1.592472073195351889e+00 -2.440452394478247536e-02 -1.870005955743541531e-02
1.597494157760317446e+00 -1.727357940893553545e-02 -3.664646241488080797e-02
1.602541434735287096e+00 -1.999592600876678658e-02 -1.041245773974087095e-02
1.607518074269043806e+00 2.836832145188836890e-02 4.970675293457368221e-02
