# Propagator = cross power / initial power /(Gf*b) 
# Gf = 0.61207 
# b=1.4 
# 
# k 	 	 	 Propagator (mu=0.05) 	 Propagator (mu=0.95)
0.000000000000000000e+00 nan nan
6.283185444772243500e-03 1.099012796494881039e+00 9.013067463202198981e-01
1.256637088954448700e-02 9.356162411873427676e-01 8.674604172460967932e-01
1.966525241732597351e-02 1.028423477868301017e+00 9.666042286506562053e-01
2.083896659314632416e-02 1.027347859484481818e+00 1.037251958610579061e+00
2.615409799747996783e-02 1.052941971830916090e+00 1.055999814016084448e+00
3.337243713793300315e-02 1.020869237320504608e+00 1.030709002724541357e+00
3.880443309362117954e-02 1.011954352524867984e+00 1.114451693852682501e+00
4.236900824166479895e-02 9.873754737380757707e-01 1.084310936190582941e+00
4.712833410927227268e-02 9.873072676137266690e-01 1.078270236216107403e+00
5.249325669295078906e-02 9.764366633766757841e-01 1.156283843058477201e+00
5.793494871921009426e-02 1.008543903593015045e+00 1.138710032114913506e+00
6.273677498102188388e-02 9.794717030610222697e-01 1.167684495920844334e+00
6.751902166165803243e-02 1.001558095506184465e+00 1.168519841914654744e+00
7.253747781117757254e-02 9.929302290037108625e-01 1.215270780060773825e+00
7.742520265373183108e-02 9.901518843272393289e-01 1.254746294526996708e+00
8.265626833719365296e-02 1.052095861456856740e+00 1.207613696959918270e+00
8.799044104273785749e-02 9.999007864180849969e-01 1.267032560261437180e+00
9.246685121501430071e-02 9.648770426784835097e-01 1.282855717594355571e+00
9.705377946938237299e-02 9.908499500632549362e-01 1.290296511118850020e+00
1.025626622390427012e-01 1.022028326102343732e+00 1.245340586640274028e+00
1.078756042074837107e-01 1.008072944776159607e+00 1.284741350722317321e+00
1.126498889503062956e-01 9.964877941364461700e-01 1.282700429758663940e+00
1.174311258295584054e-01 1.001406572902953762e+00 1.296397506821129753e+00
1.224265294149518013e-01 1.024694875386358950e+00 1.295214924318620398e+00
1.274705401188890586e-01 9.907525426975686278e-01 1.279035832680148754e+00
1.325767932299575236e-01 1.012219160403017515e+00 1.260092798709171458e+00
1.377046334500215408e-01 9.813586010375222601e-01 1.279561627651313094e+00
1.425797256916889189e-01 9.872269582735474502e-01 1.268305348887558193e+00
1.473307137338208395e-01 1.025665979715760789e+00 1.241902328418442281e+00
1.524089232036278108e-01 9.808201425171160226e-01 1.234532013736156841e+00
1.575936262424175449e-01 9.783590899222283088e-01 1.206841487733192109e+00
1.625684273167739557e-01 1.005962389769327059e+00 1.218780786007571892e+00
1.673352439543579206e-01 1.007108792570741373e+00 1.170441474014988437e+00
1.724435356781654771e-01 9.708487729601709137e-01 1.172290170001191845e+00
1.775138082747495516e-01 9.590161317818141073e-01 1.151562486301848098e+00
1.824936165467842542e-01 9.962708861749015599e-01 1.117516278803852181e+00
1.876230745866734606e-01 9.485350418843099263e-01 1.116633492683082318e+00
1.926019267409309899e-01 9.816375444785825355e-01 1.085175436742516597e+00
1.974749358892440854e-01 9.503394713619076617e-01 1.059810515792955821e+00
2.025059394667107493e-01 9.712104964912093852e-01 1.036790046457942038e+00
2.076213928450525437e-01 9.865841396909988958e-01 1.044093714062768852e+00
2.126848777117378297e-01 9.622883110714500754e-01 9.836179454561493340e-01
2.173658659764095835e-01 1.009901304876953843e+00 9.146412512970196751e-01
2.223124144980626049e-01 9.631846803561788795e-01 9.619658603320286883e-01
2.275980139083235709e-01 9.538516506364953518e-01 9.396304625272223765e-01
2.326984049010097644e-01 9.068142053824811422e-01 9.601595924654723335e-01
2.375650852918624878e-01 9.666823981104213370e-01 8.761060189924368968e-01
2.424471662879663647e-01 9.271233624783709049e-01 8.200926215715735879e-01
2.474402878312357557e-01 9.310463397827534182e-01 8.568199712792157197e-01
2.524844791311205983e-01 9.303154214957582990e-01 8.573564801185733497e-01
2.575087911793679796e-01 9.382491246130808538e-01 8.296243404802877697e-01
2.625372643277745777e-01 9.071173743409469692e-01 7.784278711656273941e-01
2.674488866967814071e-01 9.178516111234041874e-01 7.877517797432886937e-01
2.724593739789928915e-01 9.141679717806258099e-01 7.895618587408285149e-01
2.775641303955593275e-01 9.241592050119901147e-01 6.999929134911451190e-01
2.826432385118166080e-01 8.889956012052223633e-01 6.885153728475756907e-01
2.875503792569830130e-01 8.805829848366957258e-01 6.896034419721782660e-01
2.923732014067137452e-01 8.644372426357888051e-01 6.633370580750356238e-01
2.974952666855347760e-01 8.892555357977021124e-01 7.002462124755293171e-01
3.025732013669680809e-01 8.479496810723819999e-01 6.846343769257813294e-01
3.075143514540406020e-01 9.007733872464569469e-01 6.296598102737083202e-01
3.124966426471657011e-01 8.432072702721141733e-01 6.019598922906218563e-01
3.174072768953111190e-01 8.601689510050931631e-01 5.952626367041730093e-01
3.224348160175661282e-01 8.434683669553196816e-01 6.096103849854002110e-01
3.275598108276601694e-01 8.665743626736275296e-01 5.784676541974214103e-01
3.325990246228963110e-01 8.430741547826194893e-01 5.377873141470409513e-01
3.375370221613464561e-01 8.525588407947394254e-01 5.482776903782644595e-01
3.423908650875091553e-01 8.087562497982350163e-01 5.509118798846249776e-01
3.475243191869839543e-01 8.172373403314520113e-01 5.142870641325798520e-01
3.526204999699686371e-01 8.049787096094311867e-01 5.293940400202636898e-01
3.575124336588222929e-01 8.305104270954762891e-01 4.657260558898903002e-01
3.624529507249891758e-01 8.072175229509541694e-01 4.624513610635236915e-01
3.675498033998199077e-01 8.033854285948311968e-01 4.371751515523659148e-01
3.725565723788115124e-01 8.258459720491285738e-01 4.247559076205363882e-01
3.775251786629579276e-01 7.914974754781735067e-01 4.206957710275532336e-01
3.825444652793112965e-01 7.841696203784475072e-01 4.306414369349182980e-01
3.875508754889763208e-01 7.562376695475716559e-01 4.066489360002392695e-01
3.924682142798170958e-01 7.541584161987079371e-01 3.855459851154429685e-01
3.974941700298004754e-01 7.405166177429408636e-01 4.209618286749413074e-01
4.025866373866981984e-01 7.498417007510825849e-01 3.894669409125507409e-01
4.075887755798262013e-01 7.213259103957109231e-01 3.724490236327827608e-01
4.124387292400701899e-01 7.518909799427175855e-01 3.854482831154544265e-01
4.174253062056980657e-01 7.263380345520161763e-01 3.130274565578177737e-01
4.225546355249569785e-01 7.413076296986494951e-01 3.076904635336112914e-01
4.275452816423644387e-01 7.427462995746345609e-01 3.350402857706067938e-01
4.324870259514822513e-01 7.034773670339954377e-01 3.377889297416850622e-01
4.374941021952427067e-01 6.598593142591142602e-01 3.022871143978481667e-01
4.424580192915391619e-01 7.321851299827581983e-01 2.994204059456818112e-01
4.474873585360391037e-01 7.036170864872752784e-01 2.772670284011585218e-01
4.525427790726901378e-01 6.571835410784288012e-01 3.138792105910055419e-01
4.575593464439344782e-01 6.546843950255195610e-01 2.898110918141983405e-01
4.625082838588746026e-01 6.545925356970271336e-01 2.359257642148578082e-01
4.674851712490562528e-01 6.437064186362321250e-01 2.411671823564910111e-01
4.725601238591832232e-01 6.347662707345799182e-01 2.212865873550568796e-01
4.775950511331215620e-01 6.073373200909045755e-01 2.157983425851960901e-01
4.825206461098862643e-01 6.124659847688066483e-01 2.470229151919620669e-01
4.874402719946088758e-01 6.342619060675988019e-01 2.534196604167854305e-01
4.925200592223242801e-01 6.049170613285191900e-01 2.010812384319736468e-01
4.975365839949369429e-01 6.331208161366163045e-01 2.080156750789479980e-01
5.025037984965704529e-01 6.021499198931296037e-01 1.991398551319858712e-01
5.075572147114322252e-01 6.077095547945264853e-01 1.731256080744945081e-01
5.125228407051584112e-01 5.907275215611439423e-01 2.127300387474948262e-01
5.174458511383320802e-01 5.805213333787576646e-01 1.830924120865202176e-01
5.224853814923644535e-01 5.680811905673709417e-01 1.778535180855794207e-01
5.275609551402401509e-01 5.585612359540764738e-01 1.701341213756416004e-01
5.325420008272679917e-01 5.214623014792024724e-01 1.624468439066541758e-01
5.374675898959762055e-01 5.577143399101699428e-01 1.506609671538716999e-01
5.425177179641491598e-01 5.445332528078834500e-01 1.570970887503771174e-01
5.475863309874955398e-01 5.449664079395235561e-01 1.409445174569064763e-01
5.525582752687024923e-01 5.190428910108770832e-01 1.590697509575860757e-01
5.574804428102063669e-01 5.370441502259950539e-01 1.265931000310976384e-01
5.625139044293676616e-01 4.801612921224633346e-01 1.690437351238448516e-01
5.675041312924480330e-01 5.056374661636016121e-01 1.376144543450930069e-01
5.724970027042484144e-01 5.047525530969293461e-01 1.363639537667067914e-01
5.775357342201695721e-01 4.632067280896994266e-01 1.212714422437415340e-01
5.824921194047679718e-01 5.269943551823873529e-01 1.285871054571797456e-01
5.873923130614447929e-01 4.892226730288923298e-01 1.291115728310090194e-01
5.924653629231656504e-01 4.675981302706146980e-01 9.359636384439833090e-02
5.975679196835719242e-01 4.840908631715825083e-01 1.009304784011997719e-01
6.025605786437938649e-01 4.517164225979066194e-01 1.371106454037416544e-01
6.074636804380586508e-01 4.542789616558792765e-01 1.104279549439608071e-01
6.124551004112357422e-01 4.695406514859719049e-01 8.517914212762940640e-02
6.175199954051294737e-01 4.798646456384125791e-01 6.169754493362124975e-02
6.224915962426643690e-01 4.326273302283604738e-01 6.746807335652282855e-02
6.274915557171136804e-01 3.656587151182045803e-01 6.788207861495912376e-02
6.325034887796818772e-01 4.241703438557588024e-01 7.541403681171404694e-02
6.374674518004223023e-01 4.005725609204664472e-01 7.507683929267100487e-02
6.424993050208196443e-01 3.583475391826556611e-01 8.123384921898718636e-02
6.475698107053261543e-01 4.116017988723384424e-01 7.328486918725132804e-02
6.525659580633673684e-01 3.839600147597273527e-01 7.248544134169876418e-02
6.574593256037588596e-01 4.040317835248721234e-01 7.501559695114262682e-02
6.624271988612899786e-01 3.854112829683503660e-01 5.748702811846797406e-02
6.675417019271585595e-01 3.716041016671309816e-01 7.749981534521600823e-02
6.725772533782964357e-01 3.460309740702425252e-01 5.769674414218291941e-02
6.774730984886959684e-01 3.802017994676128443e-01 3.698065531837392561e-02
6.824530178335233011e-01 3.551134405174816711e-01 5.173940564821435939e-02
6.875280661592433340e-01 3.522030645507632785e-01 7.614536437526213397e-02
6.925230179389753049e-01 3.804884786601001045e-01 7.967308862467332997e-02
6.975295769925410339e-01 3.284520580343521790e-01 6.433108605356385734e-02
7.025568770724331946e-01 3.060568708964326867e-01 5.893552945820791644e-02
7.074922850739089331e-01 3.246719086786886144e-01 4.239801907993651781e-02
7.124622482418867531e-01 3.189293556088584891e-01 4.151523462378322454e-02
7.175452271531412851e-01 3.045619794491966625e-01 5.477210007389442942e-02
7.225717784613484573e-01 3.172871096538680824e-01 7.375332061938391637e-02
7.275089624579016423e-01 3.150884037430030649e-01 3.447175123703340172e-02
7.324600466513193631e-01 3.101807331120378652e-01 4.298883768753583579e-02
7.375197398421006190e-01 2.887157271801597536e-01 4.090010281658786745e-02
7.425451223097148112e-01 3.335840271683821467e-01 1.850061732805651296e-02
7.474842697394677993e-01 2.642292338274692676e-01 3.039930576669655493e-02
7.524852851764070039e-01 2.638191235553506986e-01 4.451496797369691727e-02
7.575207617909872626e-01 2.499114422481106268e-01 4.531266819401092577e-02
7.624899512647149713e-01 2.734211143467132343e-01 3.559158307597217602e-02
7.674945370763794905e-01 2.551558150072511522e-01 6.543173025954211741e-02
7.725794383408772781e-01 2.613294776486348447e-01 3.713459443187692392e-03
7.775418725495999439e-01 2.195845811537600889e-01 3.691143586984748509e-02
7.824517841248074257e-01 2.154485441293678138e-01 4.909523917050423458e-02
7.874633419998022799e-01 2.611224304824348308e-01 1.099348228948547092e-02
7.925074945210605071e-01 2.313821533257211516e-01 1.941189253734898132e-02
7.975320939675887288e-01 2.812795959847517735e-01 4.323155497733931901e-02
8.025077203392373404e-01 2.141425812058979361e-01 3.171454288991014392e-02
8.075165978041417558e-01 2.215600983367483345e-01 3.483050726517369911e-02
8.125398262220836498e-01 2.295511214309645942e-01 2.837431762198716623e-02
8.174920854857439245e-01 2.041425087548142114e-01 -2.401252274096049298e-05
8.225112352578536346e-01 2.437085899826370861e-01 3.147891900648186470e-02
8.275561555342915154e-01 2.013782233451201775e-01 1.726016600841562623e-02
8.324952800697255073e-01 2.344394337215323365e-01 -1.803566264543330147e-02
8.374585586194417397e-01 1.773949944724604044e-01 2.668472965758390825e-02
8.425409302494435426e-01 1.818343856967795658e-01 3.385252118425972900e-02
8.475526048196360129e-01 1.729069777548332132e-01 7.461257268145125680e-03
8.524865202798559416e-01 1.554715680088318008e-01 3.740471331731313846e-03
8.574810042038077951e-01 2.006121210954870671e-01 3.898324660601599351e-03
8.625274263089646176e-01 1.815276550030726632e-01 2.638921238745886924e-02
8.675245284508311672e-01 1.681873038878269611e-01 -2.709670690215337536e-03
8.724893182407091885e-01 1.594883774825265055e-01 -4.575792513514759241e-02
8.774721006880088492e-01 1.489834683891521350e-01 2.535735894367855889e-02
8.824781156447413233e-01 1.707868116642190792e-01 -9.635781026447014230e-03
8.874595540954569595e-01 1.488750230381394868e-01 -2.388017674918219146e-02
8.924946553517479897e-01 1.342305330628529303e-01 2.066823566974245602e-02
8.975478380653373334e-01 1.404687442881851211e-01 -2.569442358466403342e-02
9.025072192470299237e-01 1.205897826933860495e-01 1.919660836741782228e-02
9.074647804047671906e-01 1.451933251357719612e-01 -1.370395916157643272e-02
9.125276216389043293e-01 1.073748169349970916e-01 1.868551709683313744e-02
9.175654489314823969e-01 1.566459835656552058e-01 4.885359209023783233e-03
9.225040210196280288e-01 1.670509192828293077e-01 -2.960420111126980947e-02
9.274649349345547300e-01 1.161421717222093780e-01 7.543907698929656208e-03
9.324868719712484655e-01 1.579291824519841458e-01 2.925756780471339743e-03
9.375016110539382552e-01 1.174775548648423901e-01 2.556233869322477922e-03
9.424716917071948030e-01 1.495983070514652347e-01 2.776078705758442972e-03
9.474990761212710444e-01 1.424258718557426806e-01 2.743074839462983361e-02
9.525075911681692986e-01 1.165900060136211974e-01 1.331763235712531482e-02
9.574675710595634825e-01 1.432187164192887108e-01 5.279095397952353287e-04
9.624903057428336739e-01 9.950869445738072527e-02 1.340627003627289579e-02
9.675364381832723959e-01 1.236654447101943333e-01 2.607041224670716625e-02
9.724990590816093849e-01 9.096346933963904424e-02 1.705690162270962623e-02
9.774623181229004087e-01 1.450273468642240271e-01 -8.680253810147160048e-03
9.824997772572167110e-01 1.055939977897557280e-01 2.775372548423520481e-03
9.875545656100468417e-01 1.065688664556263682e-01 -1.064496290357491541e-02
9.925346890080131157e-01 1.237701038199145592e-01 1.011778368841348939e-02
9.975070331244173527e-01 9.988407981153440973e-02 -2.212303935951153919e-02
1.002498770764472802e+00 8.128456600851977076e-02 3.522716307586572920e-03
1.007506200378980088e+00 1.181806611431445581e-01 -7.839884372815859870e-03
1.012495559833831660e+00 8.807427639963516519e-02 1.502953403849707770e-02
1.017503908866539408e+00 9.860361938260996106e-02 2.735275776314873702e-02
1.022514394396538462e+00 7.536586879852695542e-02 -3.183700755771454866e-02
1.027473577884819855e+00 1.088578792944382007e-01 -2.178482046479234772e-03
1.032488007762135895e+00 1.256727876322011328e-01 1.823803657325415856e-02
1.037540910373357050e+00 2.154735750898527369e-02 -6.344713534361078912e-03
1.042524992865205613e+00 1.089231730866056791e-01 3.344883782472240358e-02
1.047496448742833319e+00 7.985020770595913087e-02 -8.573675911321767401e-03
1.052489723011072353e+00 9.481896333222217255e-02 3.216044919717148294e-03
1.057529570581920098e+00 2.735807536788742098e-02 -7.395983420626226629e-03
1.062518130822190932e+00 7.138931987027588577e-02 -1.514750925816737460e-02
1.067492553025169988e+00 9.285673979398824385e-02 1.111608136383623185e-04
1.072514417404221376e+00 7.582141587434362839e-02 9.192092158239691113e-03
1.077496685713146496e+00 9.594781608804858752e-02 3.559297101513189676e-03
1.082487844389595777e+00 9.652323343809368628e-02 1.416038642643875287e-02
1.087517338614010676e+00 4.633488574686391026e-02 1.149620658047554797e-02
1.092548835994813006e+00 5.683812623823416427e-02 5.413637004963340292e-03
1.097497870010857079e+00 1.827979097165486830e-02 -2.037093936416045257e-04
1.102442234435279556e+00 4.757279990916626899e-02 -6.753501716606194819e-03
1.107498110094682131e+00 9.395162919524886747e-02 5.042116225767551922e-04
1.112540105583508687e+00 2.348249025305555737e-02 -2.075882566829131623e-02
1.117505892961435432e+00 9.886133312486858338e-02 3.103002038644789989e-02
1.122505655337368458e+00 6.845237483198007844e-02 -1.707045749259704544e-03
1.127503215581863394e+00 7.893234775352879484e-02 -2.151657747012398342e-02
1.132494129764635371e+00 3.046421431952728645e-02 3.094916595832387235e-02
1.137497256809587798e+00 7.581084048314876145e-02 -1.676392223317163532e-02
1.142527052399778142e+00 4.033872173854802234e-02 1.902007915717257233e-02
1.147507445986783559e+00 6.064973970663676411e-02 -1.639918777861610472e-02
1.152458228647123883e+00 8.450589384652436309e-02 1.545427612934806468e-02
1.157471264758792362e+00 -1.791544791423808555e-02 1.553638284153679126e-02
1.162519315116649077e+00 6.148216201511943341e-02 -9.558895295287063443e-03
1.167507685974803922e+00 3.451093213925433834e-02 1.717454704809593183e-02
1.172483817401771544e+00 1.884584024334701527e-02 -5.117781066342633710e-03
1.177500953150747431e+00 6.166825224523433263e-02 2.231083064552138659e-02
1.182513264825158172e+00 2.087743666798434414e-02 2.197389399378247427e-02
1.187500052400491501e+00 -1.893626195973485346e-02 -1.805692508205071142e-02
1.192500809460080191e+00 3.190154278125849341e-02 1.823026670069411359e-03
1.197494514228965690e+00 2.309158800481038790e-02 -3.835010961315835337e-03
1.202491163223595061e+00 5.220895975826357789e-03 -9.043981917238377031e-04
1.207496819733679727e+00 4.931935559417773701e-02 1.915476360119735405e-02
1.212518833360494597e+00 5.307411705857985329e-02 9.668358808392981188e-03
1.217514647803850547e+00 4.343798845387958352e-02 -1.431928468414784064e-02
1.222474992944385663e+00 3.675815757151675717e-02 2.666316419021314346e-03
1.227492317396823962e+00 1.843448087695223614e-02 -4.569909092264031088e-03
1.232534837036345365e+00 4.032291734296399727e-02 -3.477947532075740134e-03
1.237528277128428611e+00 2.757638197756787091e-02 9.165045653290111380e-03
1.242488688180570788e+00 9.062075140675427201e-03 2.435889330983705831e-03
1.247490006978946964e+00 3.657297486601780029e-02 -2.606386989381958078e-02
1.252504806360081879e+00 4.981181468757557573e-02 3.601329280842326813e-02
1.257500192399624295e+00 -1.960372542505109394e-02 -4.246791474352078211e-02
1.262515137146281941e+00 8.007976366519104980e-03 -9.915490720506545813e-03
1.267534320784527546e+00 -1.543659688809536495e-02 1.828659578883667230e-02
1.272505085023767135e+00 2.229479050709443771e-02 -8.358715106240338644e-03
1.277504009787307382e+00 4.988798725564905223e-02 2.277970873831961993e-02
1.282539679173874791e+00 3.139400990550780812e-02 4.478219625550809019e-02
1.287540449305639489e+00 8.688370686289599576e-02 -8.214454170271740657e-03
1.292476777621742956e+00 3.749698749383953422e-02 -2.343463337722555620e-02
1.297469074021373237e+00 -8.709787257082931416e-03 4.127889696334832020e-02
1.302519494298144398e+00 4.009492423964532842e-02 -9.607458710473425895e-03
1.307535772694660370e+00 2.105743107058061832e-03 -2.079444257911141139e-02
1.312496027196192294e+00 -1.659702829718054384e-02 1.006479027419523650e-02
1.317486540505191206e+00 -1.388126939312290913e-02 -1.692270791197825891e-02
1.322510300058140409e+00 2.969363498817617977e-02 -1.862181995403101517e-02
1.327502261686310137e+00 2.567410932327911927e-02 -2.515255722715360048e-02
1.332489506615674113e+00 1.366310991882647985e-02 -7.120973197849603080e-03
1.337522470453180068e+00 1.318465624634856774e-02 -1.254982348390246139e-02
1.342514091668604470e+00 2.940091627966419027e-02 1.300323089600672818e-02
1.347482631657350938e+00 1.295720770306445354e-03 9.676506116400383772e-03
1.352513692146456670e+00 -4.109696433072392539e-03 3.598828677111751747e-03
1.357533627830272982e+00 -3.125077593714468190e-03 -6.412543217257930979e-03
1.362503586022334900e+00 -1.601391902885218165e-03 -6.616859694449515363e-03
1.367490843640743581e+00 -5.283903474285249480e-02 1.799257437704259626e-03
1.372511269604600681e+00 -2.404332952702105104e-04 8.911964721754624466e-03
1.377512663824161265e+00 -1.512624484776968134e-02 1.739463373203561578e-02
1.382486813688863947e+00 -4.980133648328748629e-03 -1.082534869218646813e-02
1.387495889226808110e+00 -1.958366040783474094e-02 -1.548639164053971075e-04
1.392505456282616239e+00 2.386052884075212654e-02 -1.440984901655072148e-02
1.397484791046613273e+00 6.191812366477380224e-03 -2.236488405597634663e-02
1.402490176143483813e+00 3.140845382247756199e-03 -5.815715887743252988e-03
1.407531815581354984e+00 7.955060857040506181e-03 -1.938644959779555269e-02
1.412523090059538911e+00 -1.675696482254943401e-03 1.986431125587753178e-03
1.417470237585527482e+00 2.332193370285647049e-02 2.104692985085070828e-02
1.422481446964255047e+00 3.883095142198950134e-02 -3.372135849772413263e-02
1.427522490986277370e+00 -4.867282068674384093e-02 -2.206898915940402189e-02
1.432506773248589660e+00 4.915142133861619654e-03 2.034235748108863956e-02
1.437482152676767155e+00 2.544401496751244260e-02 1.913747238987249105e-02
1.442510296161722216e+00 -1.582585953391678823e-03 -1.336297906576368148e-02
1.447501085436458279e+00 1.372615019894621660e-02 2.652387489080494654e-02
1.452484542592274330e+00 -2.095841242199850921e-04 -3.505020906056003499e-02
1.457523527930187912e+00 -2.690420921486080807e-02 1.049831136697762686e-02
1.462527692555643855e+00 -1.469906619177229271e-02 -2.002398657770459306e-02
1.467470865250338319e+00 2.364320786098328755e-02 7.961340070440962868e-03
1.472475366460550106e+00 3.589019966016937513e-02 -9.431175297095707385e-04
1.477526472524137047e+00 8.951096880319529478e-03 -4.099512530162299079e-03
1.482538893305022087e+00 2.887552448706909997e-02 2.015589377887938918e-02
1.487497515469307308e+00 1.006586690854246666e-02 7.217726938770923674e-03
1.492483525866932004e+00 -3.787244744788631967e-04 5.115790765620167359e-03
1.497515867534237932e+00 -1.032331153849112317e-02 -1.458248208773767034e-02
1.502515344543103648e+00 -1.413726529373463686e-02 -2.180723457386089109e-02
1.507507468528652250e+00 8.358404244869149097e-03 1.413244280610857426e-02
1.512513902105389718e+00 -4.308900931051046213e-03 -1.271583261512188381e-02
1.517496481001598951e+00 6.378074995147853254e-02 4.297744443184261902e-03
1.522484644024807876e+00 1.150990341292615869e-02 1.614658054069049303e-02
1.527504855990671206e+00 1.589062321324175410e-03 -1.780149605384046679e-02
1.532531147839254482e+00 1.840478290188090477e-02 2.363166581524131157e-02
1.537494635973614576e+00 -7.277418676886675090e-03 -2.363768300827850249e-02
1.542468949914497678e+00 -1.634779927831874272e-02 -8.163983913082361113e-03
1.547521714506478130e+00 1.067043711324467022e-02 -3.490797195197171271e-02
1.552522707395029844e+00 -2.195496357282798738e-02 -1.285737219076390180e-02
1.557491615039481969e+00 -1.556248983528478631e-02 1.025133869586890810e-02
1.562487101382902699e+00 1.758628804149056993e-02 -1.922053277047535563e-02
1.567499036092217191e+00 4.407115853104370123e-02 -2.932250142631158581e-03
1.572506495183822350e+00 -1.039560116824970668e-02 1.092014986311568535e-02
1.577504454097702347e+00 1.659453850937421624e-03 -2.411540272759932907e-02
1.582531417734013068e+00 -8.577807535002913292e-03 -4.516703831302223277e-02
1.587526479681066860e+00 2.904511637293192422e-02 -5.290424001121586499e-03
1.592472073195351889e+00 1.561949026897463746e-02 1.415311680862996711e-02
1.597494157760317446e+00 -9.791861330233518276e-03 9.187495177390207074e-03
1.602541434735287096e+00 -1.039548434926134725e-02 1.183023017276440929e-02
1.607518074269043806e+00 -2.007083085597059433e-02 -4.258456704472893956e-02
