# Propagator = cross power / initial power /(Gf*b) 
# Gf = 0.61207 
# b=1.4 
# 
# k 	 	 	 Propagator (mu=0.05) 	 Propagator (mu=0.95)
0.000000000000000000e+00 nan nan
6.283185444772243500e-03 1.114617311620124340e+00 7.183053180718758091e-01
1.256637088954448700e-02 9.195890598813762917e-01 6.702430593975015061e-01
1.966525241732597351e-02 1.026242833892784700e+00 8.132641270085098073e-01
2.083896659314632416e-02 1.010245635991368074e+00 8.952518508025900656e-01
2.615409799747996783e-02 1.058066435908445069e+00 9.013627204751964994e-01
3.337243713793300315e-02 1.009652587338595309e+00 8.611170925956851407e-01
3.880443309362117954e-02 9.984950456290194731e-01 9.277407567835730395e-01
4.236900824166479895e-02 9.545393187544118918e-01 9.055492239391605969e-01
4.712833410927227268e-02 9.639013005263514788e-01 9.138587749512538938e-01
5.249325669295078906e-02 9.466553802762158742e-01 9.618750871888828158e-01
5.793494871921009426e-02 9.977255391579614718e-01 9.542927754566733478e-01
6.273677498102188388e-02 9.535855076572232747e-01 9.594814433936511566e-01
6.751902166165803243e-02 9.912374349229032822e-01 9.617621374914879784e-01
7.253747781117757254e-02 9.763088589566280007e-01 1.028308383323162767e+00
7.742520265373183108e-02 9.838303585756985603e-01 1.073556441119901672e+00
8.265626833719365296e-02 1.039279697751785081e+00 1.043076987440090919e+00
8.799044104273785749e-02 9.765731044046002118e-01 1.096359826679574656e+00
9.246685121501430071e-02 9.482952855454263030e-01 1.112443058302353682e+00
9.705377946938237299e-02 9.965019261289741470e-01 1.137453710679550811e+00
1.025626622390427012e-01 1.023438390277340959e+00 1.094737329982673479e+00
1.078756042074837107e-01 9.990666627184523474e-01 1.147114454876831280e+00
1.126498889503062956e-01 9.802282844747638446e-01 1.149995121020455757e+00
1.174311258295584054e-01 1.003351974492950438e+00 1.165155269466494170e+00
1.224265294149518013e-01 1.008164467312931301e+00 1.169149592480097199e+00
1.274705401188890586e-01 9.958193899234349944e-01 1.167957234842718739e+00
1.325767932299575236e-01 9.916968455716637099e-01 1.163832916258934258e+00
1.377046334500215408e-01 9.897141634070160121e-01 1.174238513099035375e+00
1.425797256916889189e-01 9.833794071873870335e-01 1.192525121332307814e+00
1.473307137338208395e-01 1.026362664934858504e+00 1.171348871172384953e+00
1.524089232036278108e-01 1.013299498883162508e+00 1.189798859259006747e+00
1.575936262424175449e-01 9.805267518334386256e-01 1.152135772963327698e+00
1.625684273167739557e-01 1.011353792024902054e+00 1.190785045924589447e+00
1.673352439543579206e-01 1.013254010854718556e+00 1.125747380783587603e+00
1.724435356781654771e-01 9.830765799260355875e-01 1.145712564820839940e+00
1.775138082747495516e-01 9.977076232459564098e-01 1.138220260669143391e+00
1.824936165467842542e-01 1.002015309644800789e+00 1.107869174125992950e+00
1.876230745866734606e-01 9.924451030644155791e-01 1.112233938339637795e+00
1.926019267409309899e-01 1.007924364398029127e+00 1.096244226669739863e+00
1.974749358892440854e-01 9.980337043736917657e-01 1.060041423281201434e+00
2.025059394667107493e-01 9.992322101802454393e-01 1.043056288300928447e+00
2.076213928450525437e-01 1.001957376158811641e+00 1.051814732849024825e+00
2.126848777117378297e-01 9.753565506484422887e-01 1.042907701270161303e+00
2.173658659764095835e-01 1.046444104610626535e+00 9.539317873967804173e-01
2.223124144980626049e-01 9.989236198353892426e-01 9.888726911707756972e-01
2.275980139083235709e-01 9.901939739214959957e-01 9.760158073979945392e-01
2.326984049010097644e-01 9.343179447559776252e-01 9.979289110832509913e-01
2.375650852918624878e-01 9.997553648608527022e-01 9.348672485582449898e-01
2.424471662879663647e-01 9.630508823838499488e-01 8.671613958324462246e-01
2.474402878312357557e-01 9.736534677016654982e-01 8.872492153784654612e-01
2.524844791311205983e-01 9.703957644829583895e-01 8.985271835440820087e-01
2.575087911793679796e-01 9.573316543506072973e-01 8.733413307867408104e-01
2.625372643277745777e-01 9.290715364645228957e-01 8.505119747336032932e-01
2.674488866967814071e-01 9.618556968347171665e-01 8.547671537609439207e-01
2.724593739789928915e-01 9.427350648001419087e-01 8.142849099593117979e-01
2.775641303955593275e-01 9.677746533260501716e-01 7.528671881755959472e-01
2.826432385118166080e-01 9.237264564851239701e-01 7.417180730748469397e-01
2.875503792569830130e-01 9.141730877631776275e-01 7.488269593370793231e-01
2.923732014067137452e-01 9.017498360533039437e-01 7.347513862913812588e-01
2.974952666855347760e-01 9.396861222772338040e-01 7.385328951137328790e-01
3.025732013669680809e-01 8.950376495206636696e-01 6.919487414649649892e-01
3.075143514540406020e-01 9.375845364671433479e-01 6.750611943113270508e-01
3.124966426471657011e-01 8.684592736204925778e-01 6.681142543746309004e-01
3.174072768953111190e-01 9.097471095744278369e-01 6.583816255453912580e-01
3.224348160175661282e-01 8.908686558510684472e-01 6.513258966975826736e-01
3.275598108276601694e-01 8.965477850477967525e-01 6.302066634499090547e-01
3.325990246228963110e-01 8.704246633358658780e-01 6.030558805675300116e-01
3.375370221613464561e-01 8.605496891875369370e-01 6.238676217309560013e-01
3.423908650875091553e-01 8.479187263857649315e-01 5.818534014364925566e-01
3.475243191869839543e-01 8.481931770990362995e-01 5.657834010898830090e-01
3.526204999699686371e-01 8.607431977191588590e-01 5.928652273102312797e-01
3.575124336588222929e-01 8.534924447917662249e-01 5.283873925405652150e-01
3.624529507249891758e-01 8.481407219671059927e-01 5.151097338720252994e-01
3.675498033998199077e-01 8.353348936053536233e-01 5.037089782422805584e-01
3.725565723788115124e-01 8.430086996984778036e-01 4.994543294310068715e-01
3.775251786629579276e-01 8.323069148047792520e-01 4.941292539069010448e-01
3.825444652793112965e-01 8.360345015944572467e-01 5.022172793985268946e-01
3.875508754889763208e-01 8.018503318597218765e-01 4.610784762076149401e-01
3.924682142798170958e-01 8.020476530215830957e-01 4.427020197521840394e-01
3.974941700298004754e-01 7.831817370646694254e-01 4.710326565699126666e-01
4.025866373866981984e-01 7.802758849862747592e-01 4.365983214004487967e-01
4.075887755798262013e-01 7.661635923733778331e-01 4.328002647588640728e-01
4.124387292400701899e-01 7.812553857221089526e-01 4.163676513772507359e-01
4.174253062056980657e-01 7.564092966825896047e-01 3.893498144797338245e-01
4.225546355249569785e-01 7.770393440933747176e-01 3.706541650474717842e-01
4.275452816423644387e-01 7.621335306016997491e-01 3.898763780522166988e-01
4.324870259514822513e-01 7.408826285280862844e-01 3.854454972758624698e-01
4.374941021952427067e-01 6.870953632392322596e-01 3.607934029906255669e-01
4.424580192915391619e-01 7.533526839515105600e-01 3.505592537449014889e-01
4.474873585360391037e-01 7.349679713089335431e-01 3.427521041371667798e-01
4.525427790726901378e-01 6.966182092995237829e-01 3.419467001478672108e-01
4.575593464439344782e-01 7.167977942545809000e-01 3.684261035643541238e-01
4.625082838588746026e-01 6.786802300810484967e-01 2.816853410548043057e-01
4.674851712490562528e-01 6.928137441007699016e-01 3.072359277142756029e-01
4.725601238591832232e-01 6.994468493490355598e-01 2.873099027635193092e-01
4.775950511331215620e-01 6.617317825433972622e-01 2.691942566504398893e-01
4.825206461098862643e-01 6.599772534007047886e-01 3.059374266800109488e-01
4.874402719946088758e-01 6.675535440715572033e-01 2.977121981541632212e-01
4.925200592223242801e-01 6.499901443996884964e-01 2.558651284224117139e-01
4.975365839949369429e-01 6.795302844625297212e-01 2.530970733227144720e-01
5.025037984965704529e-01 6.702365914930865642e-01 2.645254772754054295e-01
5.075572147114322252e-01 6.743336046707416598e-01 2.192212349243785330e-01
5.125228407051584112e-01 6.192205856827678323e-01 2.622382987725280779e-01
5.174458511383320802e-01 6.403078803968206278e-01 2.127728576188009924e-01
5.224853814923644535e-01 6.021088435237527126e-01 2.162120103507627067e-01
5.275609551402401509e-01 6.272379387717790244e-01 2.277597038234152327e-01
5.325420008272679917e-01 5.745243048968915467e-01 2.181510708035538371e-01
5.374675898959762055e-01 6.016992298393009087e-01 2.069422766449772466e-01
5.425177179641491598e-01 5.974591229837743489e-01 2.136656423055404985e-01
5.475863309874955398e-01 6.150426998439020299e-01 1.815511469648427578e-01
5.525582752687024923e-01 5.645571473012778174e-01 2.095323885722870372e-01
5.574804428102063669e-01 5.678530967612009928e-01 2.146916220988742963e-01
5.625139044293676616e-01 5.302303132846177824e-01 1.822341768672177120e-01
5.675041312924480330e-01 5.429073099860772800e-01 1.978847328679061157e-01
5.724970027042484144e-01 5.358222188270523878e-01 1.977787014081573425e-01
5.775357342201695721e-01 5.060696155280000053e-01 1.706635843507708361e-01
5.824921194047679718e-01 5.778726462203719327e-01 1.782502439660062499e-01
5.873923130614447929e-01 5.204761119171629202e-01 1.747348827538445226e-01
5.924653629231656504e-01 5.171577380935600265e-01 1.384198013658162751e-01
5.975679196835719242e-01 5.041676476982581701e-01 1.617199385973710213e-01
6.025605786437938649e-01 5.011954165369881808e-01 2.030984918650248217e-01
6.074636804380586508e-01 4.737473122391350766e-01 1.497003080822971732e-01
6.124551004112357422e-01 5.073548042658506674e-01 1.230315615259635620e-01
6.175199954051294737e-01 5.305052688809501760e-01 9.242325310619280143e-02
6.224915962426643690e-01 4.565158737925187338e-01 1.038191659104597958e-01
6.274915557171136804e-01 4.296653364454104951e-01 1.192001828921334244e-01
6.325034887796818772e-01 4.789751324374019736e-01 1.026929873918219632e-01
6.374674518004223023e-01 4.582628675341800517e-01 1.053489401966610367e-01
6.424993050208196443e-01 4.192344711020888348e-01 9.805363973352079765e-02
6.475698107053261543e-01 4.544980378156363576e-01 1.146433778202075454e-01
6.525659580633673684e-01 4.555880766898424694e-01 1.056790039026498373e-01
6.574593256037588596e-01 4.260192981212166941e-01 1.182981988448317812e-01
6.624271988612899786e-01 4.509733044378884115e-01 9.886567822253757021e-02
6.675417019271585595e-01 4.265585028580852756e-01 9.461913902955787492e-02
6.725772533782964357e-01 3.806121423735356335e-01 9.708781272908864612e-02
6.774730984886959684e-01 4.207493496561063862e-01 8.794558917192704661e-02
6.824530178335233011e-01 3.993791617459547805e-01 1.095958273060894522e-01
6.875280661592433340e-01 4.000249913068373298e-01 6.531073396330651371e-02
6.925230179389753049e-01 4.206594532960492572e-01 1.093546824279997137e-01
6.975295769925410339e-01 3.897001592027343753e-01 1.183086771499990281e-01
7.025568770724331946e-01 3.484275725151784742e-01 6.420380196357898528e-02
7.074922850739089331e-01 3.897359444867491418e-01 7.176374944076473195e-02
7.124622482418867531e-01 3.938248567828235291e-01 6.171473552476777757e-02
7.175452271531412851e-01 3.485395462208921158e-01 7.873907495959968361e-02
7.225717784613484573e-01 3.450278719649618187e-01 1.061726893360475099e-01
7.275089624579016423e-01 3.666964524385047386e-01 6.901779813694075560e-02
7.324600466513193631e-01 3.734687700844611657e-01 6.649143617259188621e-02
7.375197398421006190e-01 3.324964119942673824e-01 6.470176704126685829e-02
7.425451223097148112e-01 3.482767325426405769e-01 6.591110594879433238e-02
7.474842697394677993e-01 3.107491773913941269e-01 6.105672262257724053e-02
7.524852851764070039e-01 3.092842933684862849e-01 6.359949322880871503e-02
7.575207617909872626e-01 3.010847625263908811e-01 6.313337052877149302e-02
7.624899512647149713e-01 3.099394389683445827e-01 7.148524949554851959e-02
7.674945370763794905e-01 3.151859707268857558e-01 5.346009911293602562e-02
7.725794383408772781e-01 3.090306755645468861e-01 4.312409542231083331e-02
7.775418725495999439e-01 3.035865448382392140e-01 5.591115172100469960e-02
7.824517841248074257e-01 2.501660311426553429e-01 5.814824058328357803e-02
7.874633419998022799e-01 3.064813735689518870e-01 3.115496242210895675e-02
7.925074945210605071e-01 2.822601795559566140e-01 4.451574929824517884e-02
7.975320939675887288e-01 2.948494536550400613e-01 6.175886134142442169e-02
8.025077203392373404e-01 2.767520036707490916e-01 2.652913911488960844e-02
8.075165978041417558e-01 2.799039374859986773e-01 2.847877170718548720e-02
8.125398262220836498e-01 2.691963326505960596e-01 8.756517389310444766e-02
8.174920854857439245e-01 2.380067908180712455e-01 5.908417722447297654e-02
8.225112352578536346e-01 3.030243260079702461e-01 -1.081303133370362796e-02
8.275561555342915154e-01 2.995812220239979506e-01 1.814835726694956353e-02
8.324952800697255073e-01 2.819783033729070243e-01 5.454147421921144712e-02
8.374585586194417397e-01 2.181455667243146213e-01 5.305441351466653327e-02
8.425409302494435426e-01 2.428944049020706764e-01 2.162690029827499597e-02
8.475526048196360129e-01 2.243474640089261340e-01 3.842307323526830687e-02
8.524865202798559416e-01 2.101293067566939732e-01 3.112415820308179343e-02
8.574810042038077951e-01 2.374368888685120804e-01 3.573499993702172750e-02
8.625274263089646176e-01 2.103974509592579645e-01 3.093410390918389583e-02
8.675245284508311672e-01 1.938597390553021826e-01 9.826202694593743226e-04
8.724893182407091885e-01 2.072679657500649253e-01 4.914561689052295707e-02
8.774721006880088492e-01 2.019842778550869078e-01 3.010648517464272617e-02
8.824781156447413233e-01 2.179384785796671942e-01 5.050399976633664079e-02
8.874595540954569595e-01 1.622489454786763818e-01 1.351370393493581470e-02
8.924946553517479897e-01 1.756581062780846192e-01 2.227072918856977043e-02
8.975478380653373334e-01 1.953079706750550371e-01 1.686698422305598841e-03
9.025072192470299237e-01 1.697361394983786798e-01 1.475295594688519861e-02
9.074647804047671906e-01 1.985074429344667324e-01 1.685574622965382852e-02
9.125276216389043293e-01 1.475550092078224407e-01 2.368366073597586580e-02
9.175654489314823969e-01 1.835908421047617867e-01 3.132528398788771151e-02
9.225040210196280288e-01 2.142868196602594477e-01 -2.413986585895537291e-03
9.274649349345547300e-01 1.776849161508833042e-01 1.632473457250109561e-02
9.324868719712484655e-01 2.042135494785514704e-01 1.929874904772375943e-02
9.375016110539382552e-01 1.729187400167999378e-01 4.056363413531956924e-02
9.424716917071948030e-01 1.497466411735282055e-01 1.633367981822742010e-02
9.474990761212710444e-01 1.410526913018059492e-01 2.546007787231089128e-02
9.525075911681692986e-01 1.511041188607012420e-01 -1.548656853047875211e-02
9.574675710595634825e-01 1.502696467884802323e-01 3.729889645178086771e-02
9.624903057428336739e-01 1.473558463853034683e-01 1.264287125445332123e-02
9.675364381832723959e-01 1.612929203406970602e-01 2.257886782816535126e-02
9.724990590816093849e-01 1.424073904583628425e-01 2.040383896346363579e-02
9.774623181229004087e-01 1.448041040414313751e-01 -9.196914416242179223e-04
9.824997772572167110e-01 1.708217973938460921e-01 -1.043280388194023182e-02
9.875545656100468417e-01 1.523092555632183931e-01 -1.638859287301364445e-02
9.925346890080131157e-01 1.483968795534722218e-01 2.329833967762601557e-02
9.975070331244173527e-01 1.030512673085569181e-01 7.421472834929467716e-03
1.002498770764472802e+00 1.362436187390699549e-01 -2.126398756811205982e-03
1.007506200378980088e+00 1.242878950963773321e-01 5.323387245399443558e-03
1.012495559833831660e+00 1.080196797673680514e-01 4.565160223624706998e-02
1.017503908866539408e+00 9.453890533587225309e-02 4.052811657536913720e-02
1.022514394396538462e+00 1.076210745126678914e-01 2.452902374247241737e-02
1.027473577884819855e+00 1.466572784436950827e-01 3.018977652674990561e-02
1.032488007762135895e+00 1.125440283425604149e-01 7.050251500777006408e-02
1.037540910373357050e+00 7.546015685191842515e-02 8.785296296209547939e-03
1.042524992865205613e+00 1.272756837783131090e-01 5.122115850609929716e-02
1.047496448742833319e+00 1.154345976355148073e-01 -9.596904930390380908e-03
1.052489723011072353e+00 1.463027613582649211e-01 1.836481806330073768e-02
1.057529570581920098e+00 1.056803316278120269e-01 -6.449269893004571860e-03
1.062518130822190932e+00 1.449961990081344299e-01 -1.203243998824682359e-02
1.067492553025169988e+00 9.173664220671991221e-02 3.138866913351069654e-02
1.072514417404221376e+00 1.042857540517741211e-01 5.826359612534619953e-02
1.077496685713146496e+00 1.158306918927404505e-01 -2.480839311247092210e-03
1.082487844389595777e+00 1.143139631933243056e-01 2.508760536403918315e-03
1.087517338614010676e+00 1.045690593618745778e-01 -1.096560023583546123e-02
1.092548835994813006e+00 8.005768103130300739e-02 -4.630628180180443830e-03
1.097497870010857079e+00 7.102771813623401376e-02 2.237846454744848047e-03
1.102442234435279556e+00 1.071626174202619103e-01 -5.271292968100269559e-03
1.107498110094682131e+00 1.226695422349686898e-01 2.152493558958269021e-02
1.112540105583508687e+00 7.406061444434926255e-02 1.431465345367766541e-03
1.117505892961435432e+00 1.053837943330547672e-01 2.596511654292133278e-02
1.122505655337368458e+00 1.201370590952922229e-01 -2.152696856972011533e-02
1.127503215581863394e+00 8.953607302551250258e-02 5.594998972164034502e-03
1.132494129764635371e+00 7.282753006102977988e-02 3.305549703994863087e-02
1.137497256809587798e+00 1.215908409072773977e-01 -4.580770777186702475e-02
1.142527052399778142e+00 7.308904231600273083e-02 3.885110262634602647e-03
1.147507445986783559e+00 9.225313271988017094e-02 3.092052334879737130e-02
1.152458228647123883e+00 8.864537622066688549e-02 2.120791164823636332e-02
1.157471264758792362e+00 2.523179491784608916e-02 1.173377594827719386e-03
1.162519315116649077e+00 7.054309729573106369e-02 3.210558990459610237e-03
1.167507685974803922e+00 3.718777000738694022e-02 1.127205161513124753e-03
1.172483817401771544e+00 8.036199589189656212e-02 2.763973632467684599e-02
1.177500953150747431e+00 5.826061882298690098e-02 -1.351258701664372237e-02
1.182513264825158172e+00 6.246421521695282725e-02 4.334922171082283143e-02
1.187500052400491501e+00 5.826278179095172732e-02 -1.835757485912514753e-02
1.192500809460080191e+00 7.717202525609372088e-02 -1.390610740182886794e-02
1.197494514228965690e+00 6.096914262549367469e-02 -7.302044913286485223e-03
1.202491163223595061e+00 2.863674813045037626e-02 -1.780718999501438096e-02
1.207496819733679727e+00 6.928369520511301616e-02 5.453587838588560763e-03
1.212518833360494597e+00 6.724391811015165143e-02 -8.663318516653705642e-03
1.217514647803850547e+00 3.327753063550286522e-02 -1.104012325019820655e-02
1.222474992944385663e+00 5.320128990033487493e-02 -9.257114630363881200e-03
1.227492317396823962e+00 8.539566673785657647e-03 1.787410868151827550e-02
1.232534837036345365e+00 2.172270550021684898e-02 -1.397656918560342791e-02
1.237528277128428611e+00 8.475482903625783382e-02 9.214477001722714417e-03
1.242488688180570788e+00 6.215914681195489760e-02 7.046253055313275379e-03
1.247490006978946964e+00 5.480425964808898626e-02 -1.248083596330427751e-02
1.252504806360081879e+00 7.184735116973084423e-02 2.614260540728021581e-02
1.257500192399624295e+00 2.984426578293070467e-02 -1.039496144238056738e-02
1.262515137146281941e+00 6.497744971089586090e-03 7.901940432835215244e-03
1.267534320784527546e+00 2.744845234878087389e-02 -1.223756475872022492e-02
1.272505085023767135e+00 6.045589760085030850e-02 3.221375873196478945e-02
1.277504009787307382e+00 5.715821929444581118e-02 -2.063921749979142403e-03
1.282539679173874791e+00 4.535741769559181041e-02 2.067265754964905944e-02
1.287540449305639489e+00 2.641523128986178470e-02 -2.444136879894018635e-02
1.292476777621742956e+00 1.387365286560502016e-02 1.571165293521357628e-02
1.297469074021373237e+00 1.196682393134843037e-02 4.074503233606981828e-02
1.302519494298144398e+00 3.410377459547252882e-02 -1.578274129425135536e-02
1.307535772694660370e+00 1.099505875785916848e-03 5.428324082637561449e-05
1.312496027196192294e+00 -2.007260411009327561e-02 1.566019400574835546e-02
1.317486540505191206e+00 -1.457104763442406900e-02 1.081039987859536144e-02
1.322510300058140409e+00 2.781930250937428642e-02 -9.236064073604130162e-03
1.327502261686310137e+00 3.153905707409871556e-02 6.052767999489884216e-04
1.332489506615674113e+00 1.967189971134169352e-02 -1.004487142015853159e-02
1.337522470453180068e+00 5.977170860415411541e-02 -7.316492561538723467e-03
1.342514091668604470e+00 6.159127060112230129e-02 6.496246751317127921e-02
1.347482631657350938e+00 1.931959164031665441e-02 1.578521601878890568e-02
1.352513692146456670e+00 2.644289558216716962e-02 6.158869004093988145e-03
1.357533627830272982e+00 5.895106558042435135e-02 -1.400657320761630568e-02
1.362503586022334900e+00 3.410206446739014186e-02 -8.993443466179508461e-03
1.367490843640743581e+00 -3.011977129908341780e-02 1.278417177170651639e-03
1.372511269604600681e+00 6.198101833942135791e-02 -1.284063361712667502e-02
1.377512663824161265e+00 6.511135422843525311e-03 -1.263944071821459895e-02
1.382486813688863947e+00 5.809202063261647078e-03 1.274300264526711558e-02
1.387495889226808110e+00 3.040830853809316225e-02 2.655395928600180408e-02
1.392505456282616239e+00 3.550230163097890107e-02 -1.130421515068606546e-02
1.397484791046613273e+00 7.346447505836222608e-03 5.817663231557114456e-03
1.402490176143483813e+00 5.347921921736326772e-02 -9.230728072135347718e-04
1.407531815581354984e+00 1.476489044093288322e-02 1.280681216175896808e-02
1.412523090059538911e+00 3.252007379807975163e-02 2.650605680985884324e-03
1.417470237585527482e+00 2.425495879531384957e-02 2.725379243517581443e-02
1.422481446964255047e+00 4.379129248306408428e-02 -1.326254389673210687e-02
1.427522490986277370e+00 -1.296834410266964853e-02 -1.700548605155723135e-03
1.432506773248589660e+00 1.890212923163057945e-02 6.005562801720181615e-02
1.437482152676767155e+00 7.538620439757887093e-02 -3.229554044268091034e-02
1.442510296161722216e+00 1.083091103904646087e-02 -3.554841869705138019e-02
1.447501085436458279e+00 7.739013028485770482e-03 2.359596556464887973e-02
1.452484542592274330e+00 -3.482673861707175165e-03 1.152946809363170847e-03
1.457523527930187912e+00 -6.163842072812078521e-03 -1.561965425220473470e-02
1.462527692555643855e+00 1.238725108052513187e-02 -3.981438878224979883e-02
1.467470865250338319e+00 5.610397798118953172e-02 1.736914213843488569e-02
1.472475366460550106e+00 4.418146892778555129e-02 -2.595895341296284610e-03
1.477526472524137047e+00 6.836332619006584010e-02 7.006420661100670050e-03
1.482538893305022087e+00 2.092977274667473173e-02 -3.061497863714864737e-02
1.487497515469307308e+00 3.562603335009011801e-02 -6.639639831749714373e-03
1.492483525866932004e+00 4.516465377189075869e-03 3.499842069904426402e-03
1.497515867534237932e+00 -2.728584671087773070e-03 3.381066239763230816e-03
1.502515344543103648e+00 -7.222643223136398193e-03 1.361447121089456001e-02
1.507507468528652250e+00 -2.091867855221247671e-02 -2.234244756481829075e-02
1.512513902105389718e+00 2.058774027870084039e-02 1.998679526055292810e-02
1.517496481001598951e+00 6.670308598958366031e-02 2.721513419533987815e-02
1.522484644024807876e+00 1.342037176304899070e-02 1.590857546248708107e-02
1.527504855990671206e+00 -5.583710655036018024e-03 -1.610700142096137266e-02
1.532531147839254482e+00 8.112256122070228906e-03 3.716528133818942925e-02
1.537494635973614576e+00 -6.368314861443623819e-03 -6.016527857081005156e-04
1.542468949914497678e+00 -2.484349139328502834e-02 2.071748687611892070e-02
1.547521714506478130e+00 3.439821048674132457e-03 2.832118145532956655e-02
1.552522707395029844e+00 1.288730191279496493e-02 1.097839204883383803e-02
1.557491615039481969e+00 -2.530420340018965653e-02 1.168098456932899730e-02
1.562487101382902699e+00 -7.139964101194651346e-04 -9.648492266421697036e-03
1.567499036092217191e+00 7.875898573821604048e-03 3.282432726724110461e-02
1.572506495183822350e+00 -6.038741864781817584e-04 -1.660375767412313602e-02
1.577504454097702347e+00 6.329810274696312522e-02 -5.635603337860019268e-02
1.582531417734013068e+00 4.743119396422389167e-02 -2.466211471155447740e-02
1.587526479681066860e+00 -6.163904026133513320e-03 -1.327340634863066575e-02
1.592472073195351889e+00 1.199194594178047517e-02 1.572756743471967825e-03
1.597494157760317446e+00 6.056439863311817266e-03 -5.399319892325754600e-03
1.602541434735287096e+00 1.646099383760992862e-03 3.324560997283540487e-02
1.607518074269043806e+00 2.566953700953683928e-02 -2.365219622343595410e-02
