# Propagator = cross power / initial power /(Gf*b) 
# Gf = 0.61207 
# b=1.4 
# 
# k 	 	 	 Propagator (mu=0.05) 	 Propagator (mu=0.95)
0.000000000000000000e+00 nan nan
6.283185444772243500e-03 7.602167436984333948e-01 5.687785039937802711e-01
1.256637088954448700e-02 6.559704363869486299e-01 5.096791944812458786e-01
1.966525241732597351e-02 7.006132338046254793e-01 6.469760443381028514e-01
2.083896659314632416e-02 7.196657855735776321e-01 7.183893043935166700e-01
2.615409799747996783e-02 7.048598485199325525e-01 6.959262793928068236e-01
3.337243713793300315e-02 7.026702482457080068e-01 6.688223680783975666e-01
3.880443309362117954e-02 6.935655437247739696e-01 7.350934790532785978e-01
4.236900824166479895e-02 6.933069142129719697e-01 6.917812510534114834e-01
4.712833410927227268e-02 7.054262068249531614e-01 6.811908076617146923e-01
5.249325669295078906e-02 6.779044670430326436e-01 7.014892055342110133e-01
5.793494871921009426e-02 6.876145137794685835e-01 6.687680563090774299e-01
6.273677498102188388e-02 6.749407302244918583e-01 6.964399743181570734e-01
6.751902166165803243e-02 6.854345401205855781e-01 6.706022689957111815e-01
7.253747781117757254e-02 6.857229113578405810e-01 6.665160923602488907e-01
7.742520265373183108e-02 6.742938071394439792e-01 6.987967856624001106e-01
8.265626833719365296e-02 7.182019235095182808e-01 6.661675808452546255e-01
8.799044104273785749e-02 6.872942071014269683e-01 6.912175305437150419e-01
9.246685121501430071e-02 6.672948986891665824e-01 7.076403220476542577e-01
9.705377946938237299e-02 6.695900713527718207e-01 6.875716917008400930e-01
1.025626622390427012e-01 6.999295540686252259e-01 6.744662987876479665e-01
1.078756042074837107e-01 6.883492196905615090e-01 6.795163617605722850e-01
1.126498889503062956e-01 6.866391532992841551e-01 6.854794135928909959e-01
1.174311258295584054e-01 6.813745998771701951e-01 6.966870471041759494e-01
1.224265294149518013e-01 6.926888787412073256e-01 6.920465095111879572e-01
1.274705401188890586e-01 6.814336369957042505e-01 6.756472503065589219e-01
1.325767932299575236e-01 6.828858826028610940e-01 6.840408490620812909e-01
1.377046334500215408e-01 6.710334791972077939e-01 6.928921588998916414e-01
1.425797256916889189e-01 6.738709323583551569e-01 6.977258471798838402e-01
1.473307137338208395e-01 7.006007307737535106e-01 6.924800665963098956e-01
1.524089232036278108e-01 6.758418579032238194e-01 6.820326940181479225e-01
1.575936262424175449e-01 6.656484377531995955e-01 6.804725627699179658e-01
1.625684273167739557e-01 6.888254727076187356e-01 6.973119728582882759e-01
1.673352439543579206e-01 6.759274342251506695e-01 6.651822478377803494e-01
1.724435356781654771e-01 6.614063599520211278e-01 6.921471671528502956e-01
1.775138082747495516e-01 6.635433738287833672e-01 6.801532175886471077e-01
1.824936165467842542e-01 6.688152182188377148e-01 6.652940020557450707e-01
1.876230745866734606e-01 6.522531860736060505e-01 6.839000957810585923e-01
1.926019267409309899e-01 6.660141870795787122e-01 6.681159742518535394e-01
1.974749358892440854e-01 6.557972723138925097e-01 6.570084541531038269e-01
2.025059394667107493e-01 6.658391335148251544e-01 6.539525726198912592e-01
2.076213928450525437e-01 6.744599255630380208e-01 6.575227278180425516e-01
2.126848777117378297e-01 6.455931013826273768e-01 6.808424369470581494e-01
2.173658659764095835e-01 6.845196517680902648e-01 6.414842510367709805e-01
2.223124144980626049e-01 6.588244845210152745e-01 6.511364545100742918e-01
2.275980139083235709e-01 6.544669268672961282e-01 6.591727566815502870e-01
2.326984049010097644e-01 6.197224006311606859e-01 6.663965057541143544e-01
2.375650852918624878e-01 6.445195750577343841e-01 6.299554303913730280e-01
2.424471662879663647e-01 6.493080824739551060e-01 6.261053826780634823e-01
2.474402878312357557e-01 6.397698375525532333e-01 6.409415994950733442e-01
2.524844791311205983e-01 6.398722263038164604e-01 6.465004396852046531e-01
2.575087911793679796e-01 6.202013969889402789e-01 6.343848492238629566e-01
2.625372643277745777e-01 6.155954376512119408e-01 6.385335935509496297e-01
2.674488866967814071e-01 6.366724903115991152e-01 6.364177371584228693e-01
2.724593739789928915e-01 6.222550462223697121e-01 6.308953380131291366e-01
2.775641303955593275e-01 6.254328328703144813e-01 6.177959149914585835e-01
2.826432385118166080e-01 6.249798377261552851e-01 6.029018260224140446e-01
2.875503792569830130e-01 6.071843328832419173e-01 6.093087898764313337e-01
2.923732014067137452e-01 5.978574480637594002e-01 6.042222988993455335e-01
2.974952666855347760e-01 6.073370514845980450e-01 6.024714605390598665e-01
3.025732013669680809e-01 5.934369133044360423e-01 6.056564462414701921e-01
3.075143514540406020e-01 5.941005530306663340e-01 5.991907234627873446e-01
3.124966426471657011e-01 5.661800148981539493e-01 5.814881212263279808e-01
3.174072768953111190e-01 5.681963085190839813e-01 6.008216737767122506e-01
3.224348160175661282e-01 5.842576592524065804e-01 5.812406261622329318e-01
3.275598108276601694e-01 5.745103779182549886e-01 5.787722616852878366e-01
3.325990246228963110e-01 5.623248521297568026e-01 5.629141309828300521e-01
3.375370221613464561e-01 5.685961241694039714e-01 5.701556715274352927e-01
3.423908650875091553e-01 5.633073399187871200e-01 5.514173371985977568e-01
3.475243191869839543e-01 5.503546109702540656e-01 5.569508228542729977e-01
3.526204999699686371e-01 5.556918573107891834e-01 5.611429839919056528e-01
3.575124336588222929e-01 5.425151828525527353e-01 5.343895985937374693e-01
3.624529507249891758e-01 5.279935142363267886e-01 5.340436944855089241e-01
3.675498033998199077e-01 5.351865924179481926e-01 5.355548808058315791e-01
3.725565723788115124e-01 5.288556041547738396e-01 5.294137428225137443e-01
3.775251786629579276e-01 5.261999335986863313e-01 5.089949985966848445e-01
3.825444652793112965e-01 5.185614130303949354e-01 5.291620180948892749e-01
3.875508754889763208e-01 4.971257939967133055e-01 5.016154617421683115e-01
3.924682142798170958e-01 5.117127941583632378e-01 5.245809652186845806e-01
3.974941700298004754e-01 4.886055987363804864e-01 5.072708690362980333e-01
4.025866373866981984e-01 4.862515329562419053e-01 4.865130490887167314e-01
4.075887755798262013e-01 4.791249838996189947e-01 4.980267952778324458e-01
4.124387292400701899e-01 4.681012168428201892e-01 4.844840691924535703e-01
4.174253062056980657e-01 4.752991726590017896e-01 4.725943471846082433e-01
4.225546355249569785e-01 4.608090779764100753e-01 4.661284445531259091e-01
4.275452816423644387e-01 4.585948165957312583e-01 4.659643852988103463e-01
4.324870259514822513e-01 4.488555155874188740e-01 4.588911813976028764e-01
4.374941021952427067e-01 4.438523198999452246e-01 4.561806875481234647e-01
4.424580192915391619e-01 4.336907862531457214e-01 4.397551172363424743e-01
4.474873585360391037e-01 4.412585135532430258e-01 4.453276593085250812e-01
4.525427790726901378e-01 4.387897517171112649e-01 4.220897804837839828e-01
4.575593464439344782e-01 4.175362483465304697e-01 4.344181495940611648e-01
4.625082838588746026e-01 3.984792459991647329e-01 4.233052396540003537e-01
4.674851712490562528e-01 4.119953174525277095e-01 4.163093744604934865e-01
4.725601238591832232e-01 4.142641945332410369e-01 3.843317694809634810e-01
4.775950511331215620e-01 4.024234385295522021e-01 3.853274385427549742e-01
4.825206461098862643e-01 3.796915735733701336e-01 4.014499701520923836e-01
4.874402719946088758e-01 3.686870294531276460e-01 3.798829891446448004e-01
4.925200592223242801e-01 3.806991849078904533e-01 3.813658162536412433e-01
4.975365839949369429e-01 3.779165202695149439e-01 3.714957808644102633e-01
5.025037984965704529e-01 3.626845717165957939e-01 3.679479991198412736e-01
5.075572147114322252e-01 3.683254450405393232e-01 3.588050771116615967e-01
5.125228407051584112e-01 3.627292145512804322e-01 3.582441218603671929e-01
5.174458511383320802e-01 3.348372630687029838e-01 3.486420055236190141e-01
5.224853814923644535e-01 3.441916270635988484e-01 3.400239945931694541e-01
5.275609551402401509e-01 3.300136495573076090e-01 3.320126151070080245e-01
5.325420008272679917e-01 3.294906585813740518e-01 3.207063492522575499e-01
5.374675898959762055e-01 3.147245651168544267e-01 3.173567500915843720e-01
5.425177179641491598e-01 3.076122018950862014e-01 3.227843986959802458e-01
5.475863309874955398e-01 3.021965810416731846e-01 2.997963511551193783e-01
5.525582752687024923e-01 3.011616061108478015e-01 2.931587585744054869e-01
5.574804428102063669e-01 2.994960185008428977e-01 3.029696786045090184e-01
5.625139044293676616e-01 2.861751386740075120e-01 2.994046127434262794e-01
5.675041312924480330e-01 2.945138707551124835e-01 2.958441600648558101e-01
5.724970027042484144e-01 2.838810917130912825e-01 2.784550570987016083e-01
5.775357342201695721e-01 2.787470081822263634e-01 2.715293632690364278e-01
5.824921194047679718e-01 2.605381172731867090e-01 2.629568484956499308e-01
5.873923130614447929e-01 2.564732755677711640e-01 2.608472443365780213e-01
5.924653629231656504e-01 2.563346208335917087e-01 2.449941140283547480e-01
5.975679196835719242e-01 2.515655925091944689e-01 2.434285154984849875e-01
6.025605786437938649e-01 2.457604088578374535e-01 2.353184757445332675e-01
6.074636804380586508e-01 2.290541976282321202e-01 2.455571871032596609e-01
6.124551004112357422e-01 2.334799518993212752e-01 2.301361138422974850e-01
6.175199954051294737e-01 2.249796386508892687e-01 2.270701733198874639e-01
6.224915962426643690e-01 2.142637637221276870e-01 2.287158708977246602e-01
6.274915557171136804e-01 2.104574442161027958e-01 2.166133258439757181e-01
6.325034887796818772e-01 2.041424654240721892e-01 2.224542264683044002e-01
6.374674518004223023e-01 2.074148398327446963e-01 2.207357457953700586e-01
6.424993050208196443e-01 2.021458662624156244e-01 2.007439975871078419e-01
6.475698107053261543e-01 2.096568380040669810e-01 1.957195695994097262e-01
6.525659580633673684e-01 1.955209300160768715e-01 1.991197236492877332e-01
6.574593256037588596e-01 1.929391551600926069e-01 1.858327092239159817e-01
6.624271988612899786e-01 1.758016581882453355e-01 1.821408802736897703e-01
6.675417019271585595e-01 1.823526737964437094e-01 1.785556852553907281e-01
6.725772533782964357e-01 1.780069061861745960e-01 1.751536838808919472e-01
6.774730984886959684e-01 1.726145596244740565e-01 1.823789392600691783e-01
6.824530178335233011e-01 1.684946760872755023e-01 1.586083669807192564e-01
6.875280661592433340e-01 1.651601760313519129e-01 1.606814437789937378e-01
6.925230179389753049e-01 1.591571546241947188e-01 1.538181260325841015e-01
6.975295769925410339e-01 1.609372193988732325e-01 1.533124895275883859e-01
7.025568770724331946e-01 1.445206960878815949e-01 1.498122270990644711e-01
7.074922850739089331e-01 1.340577378549266951e-01 1.459603761855305937e-01
7.124622482418867531e-01 1.322913734597195579e-01 1.332209495122460841e-01
7.175452271531412851e-01 1.393693843321149040e-01 1.285403909341104323e-01
7.225717784613484573e-01 1.328600395211864682e-01 1.381624490739658540e-01
7.275089624579016423e-01 1.313680057781096977e-01 1.217918932471123428e-01
7.324600466513193631e-01 1.162727501410094483e-01 1.254061973682154552e-01
7.375197398421006190e-01 1.097722869932244022e-01 1.213258162309913124e-01
7.425451223097148112e-01 1.275290182916742621e-01 1.132320805156734611e-01
7.474842697394677993e-01 1.146450117951862274e-01 1.129002155349925207e-01
7.524852851764070039e-01 1.099762857844837488e-01 1.011489521099228628e-01
7.575207617909872626e-01 1.114893314341998815e-01 1.047047146413560004e-01
7.624899512647149713e-01 1.034626707133011053e-01 1.090690231463760373e-01
7.674945370763794905e-01 1.060470700151673884e-01 9.516923703019357361e-02
7.725794383408772781e-01 8.915965889644436593e-02 1.001964205912122541e-01
7.775418725495999439e-01 9.340686576347922987e-02 9.512917157366806986e-02
7.824517841248074257e-01 9.064364637214024356e-02 8.428192049500582428e-02
7.874633419998022799e-01 9.747489481958740432e-02 8.116819630883480297e-02
7.925074945210605071e-01 8.446339419964847550e-02 8.205068908754903356e-02
7.975320939675887288e-01 8.064631956953755010e-02 8.347417226462590378e-02
8.025077203392373404e-01 8.927600658439072134e-02 7.171666314884467264e-02
8.075165978041417558e-01 7.570234707569974131e-02 7.153963617127440111e-02
8.125398262220836498e-01 5.649301649107999618e-02 7.740535287496254357e-02
8.174920854857439245e-01 6.680048975047668536e-02 6.869983518388721178e-02
8.225112352578536346e-01 6.678764967327237290e-02 6.490359458975007712e-02
8.275561555342915154e-01 5.994771670338208680e-02 6.348809150965556425e-02
8.324952800697255073e-01 6.797122848195431832e-02 6.748285893568031768e-02
8.374585586194417397e-01 5.787154151084882708e-02 5.688133072348553615e-02
8.425409302494435426e-01 5.304652275484623980e-02 6.616478645172009510e-02
8.475526048196360129e-01 5.097503389298610466e-02 5.567645848901252303e-02
8.524865202798559416e-01 4.899896700759067553e-02 5.548561857962423793e-02
8.574810042038077951e-01 5.638466111633217565e-02 5.654222003813118985e-02
8.625274263089646176e-01 4.701721219840268584e-02 4.842527830115910675e-02
8.675245284508311672e-01 4.829831372912900267e-02 4.283104875541992457e-02
8.724893182407091885e-01 5.078857208400436307e-02 4.086346045594001913e-02
8.774721006880088492e-01 4.366232361219357649e-02 4.350763132372131858e-02
8.824781156447413233e-01 4.568028008969049480e-02 4.145270154511421223e-02
8.874595540954569595e-01 3.557098276544533311e-02 3.609547659198523301e-02
8.924946553517479897e-01 4.809556645493334032e-02 3.456114907870384140e-02
8.975478380653373334e-01 3.714914924950326464e-02 3.307506853169041305e-02
9.025072192470299237e-01 4.523298166311574831e-02 3.979278570586896463e-02
9.074647804047671906e-01 3.723072416363083087e-02 4.203586825243701974e-02
9.125276216389043293e-01 3.321914652502483412e-02 3.498462463868649147e-02
9.175654489314823969e-01 2.834082032382758548e-02 3.526942472886604452e-02
9.225040210196280288e-01 3.387548439059680228e-02 2.727517311008979470e-02
9.274649349345547300e-01 2.874863203072334714e-02 2.731404728207955865e-02
9.324868719712484655e-01 2.605423995742685989e-02 1.951286760891849173e-02
9.375016110539382552e-01 2.478463602463364460e-02 2.241616496637549583e-02
9.424716917071948030e-01 2.820331888887138774e-02 1.681651157637598093e-02
9.474990761212710444e-01 2.560509659839112565e-02 2.141524562390577022e-02
9.525075911681692986e-01 2.222875550070426906e-02 2.582922374643046790e-02
9.574675710595634825e-01 1.618348635625884574e-02 1.613999796564508094e-02
9.624903057428336739e-01 1.566770915662511060e-02 2.578441942987982211e-02
9.675364381832723959e-01 2.383691665004046209e-02 1.334512691615297175e-02
9.724990590816093849e-01 8.643501449878143034e-03 1.316809449102091488e-02
9.774623181229004087e-01 1.754194478997563381e-02 1.932233187619784853e-02
9.824997772572167110e-01 7.189455248603631582e-03 1.441928716060697155e-02
9.875545656100468417e-01 1.725789485090853045e-02 1.766594289168355383e-02
9.925346890080131157e-01 7.838165558222420781e-03 1.440783569878484500e-02
9.975070331244173527e-01 9.821269676136328008e-03 1.232386824290470327e-02
1.002498770764472802e+00 1.242168469525577884e-02 6.876542658253977612e-03
1.007506200378980088e+00 1.124775009969292139e-02 1.486838967367959223e-02
1.012495559833831660e+00 3.478641383609865426e-03 1.067562280576171869e-02
1.017503908866539408e+00 1.379888342081637270e-02 5.053713571451680722e-03
1.022514394396538462e+00 1.226844786688682798e-02 1.181048765339187678e-02
1.027473577884819855e+00 7.014745502774128935e-03 1.808438474974376556e-02
1.032488007762135895e+00 1.600179959314489489e-02 4.883242271570954404e-03
1.037540910373357050e+00 9.571332809949404524e-03 3.709235400487752733e-03
1.042524992865205613e+00 4.650063813425023805e-03 5.084103862591430982e-03
1.047496448742833319e+00 8.219284199315120276e-03 1.778871738085170901e-03
1.052489723011072353e+00 5.500755551516818727e-03 9.729325132768555304e-03
1.057529570581920098e+00 7.727111431293992756e-03 -4.663546296179326041e-03
1.062518130822190932e+00 6.435017859730632513e-03 3.191795621138477767e-03
1.067492553025169988e+00 -8.797368990156574588e-05 -8.073216171955059162e-04
1.072514417404221376e+00 1.159101006502285310e-03 3.188307523528154021e-03
1.077496685713146496e+00 5.129807125864141275e-03 3.178449164086729196e-04
1.082487844389595777e+00 -2.939153621993686495e-03 7.402410322548256443e-04
1.087517338614010676e+00 7.189742156175741444e-03 -1.640991224571377183e-03
1.092548835994813006e+00 1.054035063468243940e-03 7.490538885616128103e-04
1.097497870010857079e+00 3.144773697059591051e-03 6.258144057277175397e-03
1.102442234435279556e+00 -2.139995658813196276e-03 -1.573084825614230395e-03
1.107498110094682131e+00 7.618024658430395425e-03 -1.919752302305847719e-03
1.112540105583508687e+00 -9.746088212255609329e-04 3.986954015189055761e-03
1.117505892961435432e+00 -2.528923066196032791e-03 -1.712535586532165557e-03
1.122505655337368458e+00 -4.933912873258487590e-03 2.443715822408449017e-04
1.127503215581863394e+00 5.662247058307810213e-04 -6.948247614246743156e-03
1.132494129764635371e+00 -2.095715957889562539e-03 4.101309917454855174e-03
1.137497256809587798e+00 -2.789171859468701515e-03 -4.461270782909469712e-03
1.142527052399778142e+00 -3.743113719479179095e-03 -4.730904471737100089e-03
1.147507445986783559e+00 -2.668296688143470281e-03 -5.847245732932617422e-03
1.152458228647123883e+00 4.619097212581150668e-04 2.405323253214190510e-03
1.157471264758792362e+00 -1.282436778115511340e-03 2.898954215774895808e-03
1.162519315116649077e+00 -7.390300643723394722e-03 -4.085089919173812124e-04
1.167507685974803922e+00 -7.611415647694936594e-03 1.853544660679753249e-03
1.172483817401771544e+00 -1.880637514992810223e-03 -3.504769686833201451e-03
1.177500953150747431e+00 -7.025859277973862428e-03 -7.743676513413485672e-04
1.182513264825158172e+00 -9.186688959608760655e-03 3.391088359857374803e-03
1.187500052400491501e+00 -2.430747541839533774e-03 -9.853486409148878248e-04
1.192500809460080191e+00 1.081934847094992349e-03 2.988298048777698803e-03
1.197494514228965690e+00 -9.211192986505098088e-03 -9.461664857539483706e-03
1.202491163223595061e+00 -1.028205239927336596e-03 -2.710234433870448417e-03
1.207496819733679727e+00 -3.402792713610278911e-03 -5.197494608546684818e-03
1.212518833360494597e+00 -1.082452551086482938e-02 8.715586372481645347e-04
1.217514647803850547e+00 -7.957512657979611687e-03 -2.877023938627564382e-03
1.222474992944385663e+00 -2.352650882588292348e-03 -7.699700115842679493e-03
1.227492317396823962e+00 -7.085426064701772289e-03 1.374049917506075472e-03
1.232534837036345365e+00 -6.831065029433825916e-03 -2.471018531026893204e-03
1.237528277128428611e+00 -1.623724178511189121e-03 -3.532342217517051193e-03
1.242488688180570788e+00 1.961534038258923827e-03 -5.167603675227458795e-03
1.247490006978946964e+00 -5.552705687689208323e-03 -6.824527290441854098e-03
1.252504806360081879e+00 -6.945431207361546511e-03 -4.413756344837815003e-03
1.257500192399624295e+00 -3.828183698759121938e-03 -5.915517592420569543e-03
1.262515137146281941e+00 -8.695962657256308195e-03 -2.377386397362210840e-03
1.267534320784527546e+00 -7.488413460375946754e-03 -7.586021182554337182e-03
1.272505085023767135e+00 -4.306065320344234192e-03 -5.477005524516811996e-03
1.277504009787307382e+00 -4.900546682166440071e-03 -4.884207139734806843e-03
1.282539679173874791e+00 -1.892891536427322762e-03 -1.059569460025227249e-02
1.287540449305639489e+00 -2.200996296850871344e-03 -6.685852201640492438e-03
1.292476777621742956e+00 -2.428490946309950268e-03 -4.446346471674943353e-03
1.297469074021373237e+00 -2.612111064474449077e-03 7.508961794813659961e-04
1.302519494298144398e+00 2.806382123391614261e-03 -6.351119638599666758e-03
1.307535772694660370e+00 -7.808134078706746410e-03 -9.181221856937356188e-04
1.312496027196192294e+00 -4.753624201141042754e-03 -9.989689033141532434e-03
1.317486540505191206e+00 -3.188937957593214988e-03 -3.876209344645299530e-03
1.322510300058140409e+00 -1.241942009106534756e-03 -6.789889040709690300e-03
1.327502261686310137e+00 -1.070930639505157916e-03 -4.532913982622868015e-03
1.332489506615674113e+00 -6.420506087815390679e-03 -2.338576872110926207e-03
1.337522470453180068e+00 -3.358994856204498055e-03 -9.296458395639793995e-03
1.342514091668604470e+00 -2.339676731104369922e-03 -3.206404523714672262e-03
1.347482631657350938e+00 -1.295177158352742164e-03 -7.480105451819324056e-03
1.352513692146456670e+00 -9.265283986104105515e-03 -6.461373806911709615e-03
1.357533627830272982e+00 -7.390466387558347443e-03 -2.768150334701306205e-03
1.362503586022334900e+00 -6.307832511154878819e-04 -1.703372818768555215e-03
1.367490843640743581e+00 -1.060981791611624028e-03 -7.730279957058612539e-03
1.372511269604600681e+00 -8.126744165697599720e-03 -1.715366571021325996e-04
1.377512663824161265e+00 -4.662025236942157064e-03 -6.334241045677859935e-03
1.382486813688863947e+00 9.528257439657743472e-05 -6.598759364332768863e-03
1.387495889226808110e+00 -5.959498171486197343e-03 -6.177095887462261299e-03
1.392505456282616239e+00 -4.373964707280976125e-03 -3.396923001389799777e-03
1.397484791046613273e+00 -6.363669557293511435e-03 2.477062186813763171e-03
1.402490176143483813e+00 -3.084820256941385973e-03 -5.361044246892214711e-03
1.407531815581354984e+00 -2.019416615216877015e-03 2.229031783995636190e-05
1.412523090059538911e+00 9.851331853833924634e-04 8.141135045922039473e-04
1.417470237585527482e+00 -7.099665672125359504e-03 -6.670414414678214454e-04
1.422481446964255047e+00 -3.810167163422059459e-03 -8.552805504544911189e-03
1.427522490986277370e+00 3.435899609343712711e-03 -1.866599882369291384e-03
1.432506773248589660e+00 -5.949258952285880163e-03 1.266907382232503954e-03
1.437482152676767155e+00 2.262894459646854969e-03 -2.206777517045607328e-03
1.442510296161722216e+00 -8.084960674226396478e-04 4.774154352675855605e-03
1.447501085436458279e+00 -6.564239938820128767e-03 -9.672703120630523742e-04
1.452484542592274330e+00 3.669044557442368193e-04 -2.140516177875521030e-03
1.457523527930187912e+00 -5.063301008078148480e-03 3.340127479604269086e-03
1.462527692555643855e+00 3.476776209622039777e-03 3.162416444619854314e-03
1.467470865250338319e+00 -1.589541039752228940e-03 -7.539106473322339285e-04
1.472475366460550106e+00 -4.641173430525555484e-03 -1.226150152726547841e-03
1.477526472524137047e+00 -9.905293693053299989e-04 -2.974950406518832440e-05
1.482538893305022087e+00 2.462758082252063021e-03 1.537630583214028620e-03
1.487497515469307308e+00 1.612042717060900403e-03 -3.409554773296929499e-03
1.492483525866932004e+00 -2.654792881638093262e-03 1.170349080002471877e-03
1.497515867534237932e+00 -1.024919588036574868e-04 -4.938585306487800093e-03
1.502515344543103648e+00 -1.007342185949001686e-03 -2.252750727201214154e-03
1.507507468528652250e+00 2.181799112565951243e-03 -4.401173490678800086e-03
1.512513902105389718e+00 -1.839548470545416094e-03 -5.640240765538319725e-03
1.517496481001598951e+00 -3.549256820311130853e-03 -1.413573413174075682e-03
1.522484644024807876e+00 -1.849452279637448524e-03 -6.934284250606119818e-03
1.527504855990671206e+00 -2.226733327457621186e-03 -1.341063499904772069e-03
1.532531147839254482e+00 -6.175984162145080813e-04 1.013881034054577252e-04
1.537494635973614576e+00 -2.745232889621990018e-03 -6.421696595841434527e-03
1.542468949914497678e+00 2.568009063112179115e-03 -3.352415092346462157e-03
1.547521714506478130e+00 -6.839149364411235658e-03 -8.350406024376765685e-03
1.552522707395029844e+00 3.995797532909630204e-03 -6.933680029260202125e-03
1.557491615039481969e+00 3.709219185456684009e-03 2.378087721736583775e-03
1.562487101382902699e+00 -5.483614428666861058e-03 1.829403322897431511e-03
1.567499036092217191e+00 2.140009376275522034e-03 -5.915287195857682478e-03
1.572506495183822350e+00 -2.183112194693957644e-03 1.560040273757254921e-05
1.577504454097702347e+00 -4.538280361714740196e-03 -5.320757551845627965e-04
1.582531417734013068e+00 -1.897851914954995761e-03 -5.152776684776882304e-03
1.587526479681066860e+00 3.156174382278800501e-03 5.283333337879631691e-03
1.592472073195351889e+00 -3.906477194880068025e-03 -1.992470237619511399e-03
1.597494157760317446e+00 -2.874375657545847826e-03 1.425688407238049965e-03
1.602541434735287096e+00 -6.538592969828225729e-04 5.654975205172392116e-04
1.607518074269043806e+00 2.122687284041900515e-03 2.990852622412532979e-03
