# Propagator = cross power / initial power /(Gf*b) 
# Gf = 0.61207 
# b=1.4 
# 
# k 	 	 	 Propagator (mu=0.05) 	 Propagator (mu=0.95)
0.000000000000000000e+00 nan nan
6.283185444772243500e-03 1.094967455644096255e+00 1.462513620499739764e+00
1.256637088954448700e-02 9.224407602604649536e-01 1.372161222868422792e+00
1.966525241732597351e-02 1.028496806978823175e+00 1.479259217370443524e+00
2.083896659314632416e-02 1.022228131078204649e+00 1.562780090777643904e+00
2.615409799747996783e-02 1.046829504860892879e+00 1.587134964659231651e+00
3.337243713793300315e-02 1.023118547717126736e+00 1.502743385405563403e+00
3.880443309362117954e-02 1.016370357234878119e+00 1.634070779242366100e+00
4.236900824166479895e-02 9.988167863113860401e-01 1.524482035871869146e+00
4.712833410927227268e-02 9.852149791075374141e-01 1.470748199475711671e+00
5.249325669295078906e-02 9.586755617861653089e-01 1.553124125642555198e+00
5.793494871921009426e-02 9.980293352861899780e-01 1.517208088036076985e+00
6.273677498102188388e-02 9.691812662532255374e-01 1.491334672581620113e+00
6.751902166165803243e-02 1.013288545914550864e+00 1.451839456711884635e+00
7.253747781117757254e-02 9.932808115734421683e-01 1.473397937613173614e+00
7.742520265373183108e-02 9.866676618919792974e-01 1.507989945172873769e+00
8.265626833719365296e-02 1.049365076549720444e+00 1.412219822152443793e+00
8.799044104273785749e-02 1.002151503320864334e+00 1.449580388338002068e+00
9.246685121501430071e-02 9.508748012614107736e-01 1.459197065198994281e+00
9.705377946938237299e-02 9.922435665780564573e-01 1.412507439145742616e+00
1.025626622390427012e-01 1.008593064580550980e+00 1.360907595523917157e+00
1.078756042074837107e-01 1.002320343141703596e+00 1.388891071649634545e+00
1.126498889503062956e-01 9.971978914493978552e-01 1.374527767210178109e+00
1.174311258295584054e-01 9.842664049316878216e-01 1.345086517590552644e+00
1.224265294149518013e-01 1.020903091774531202e+00 1.357780687455106161e+00
1.274705401188890586e-01 9.784199928270702618e-01 1.322936171179008857e+00
1.325767932299575236e-01 1.000775803977611123e+00 1.281314253639663114e+00
1.377046334500215408e-01 9.851239592831038117e-01 1.298302212179385462e+00
1.425797256916889189e-01 9.793543813505873885e-01 1.299298875686326626e+00
1.473307137338208395e-01 1.015328741476537067e+00 1.239585928788148550e+00
1.524089232036278108e-01 9.775819198592711201e-01 1.219929047659879862e+00
1.575936262424175449e-01 9.715632454993541334e-01 1.179951023831944834e+00
1.625684273167739557e-01 1.002292348115418452e+00 1.169680024170491217e+00
1.673352439543579206e-01 9.921898584503201501e-01 1.136717619759447517e+00
1.724435356781654771e-01 9.653672172277809604e-01 1.104205045138888064e+00
1.775138082747495516e-01 9.555799634097054129e-01 1.115373866686547366e+00
1.824936165467842542e-01 9.774687043833751865e-01 1.091712945445953098e+00
1.876230745866734606e-01 9.290643021852327266e-01 1.065314636717918928e+00
1.926019267409309899e-01 9.629387345264605047e-01 1.018343240506445868e+00
1.974749358892440854e-01 9.207874432473410753e-01 9.863017501383880559e-01
2.025059394667107493e-01 9.512126460795476968e-01 9.698172569759389017e-01
2.076213928450525437e-01 9.645829317071917819e-01 9.856042774275026730e-01
2.126848777117378297e-01 9.382800216901426849e-01 9.113668827761589597e-01
2.173658659764095835e-01 9.949925643941703868e-01 8.656403338692750804e-01
2.223124144980626049e-01 9.294734193500430175e-01 8.951001262603616171e-01
2.275980139083235709e-01 9.412579110363011869e-01 8.486112111427615012e-01
2.326984049010097644e-01 8.881454222605810189e-01 9.048593920493066545e-01
2.375650852918624878e-01 9.463216720738880650e-01 7.942534032120409648e-01
2.424471662879663647e-01 9.017967321732913710e-01 7.456647084831055095e-01
2.474402878312357557e-01 8.979865227513486037e-01 7.806095592953603557e-01
2.524844791311205983e-01 9.075322477676722732e-01 7.740119901346338427e-01
2.575087911793679796e-01 9.168887177245623743e-01 7.466204247801127014e-01
2.625372643277745777e-01 8.723580002295643343e-01 6.796895975812180524e-01
2.674488866967814071e-01 8.964636319556494870e-01 7.058312585086322644e-01
2.724593739789928915e-01 8.907518709960735581e-01 6.960878574679332242e-01
2.775641303955593275e-01 8.886849593076642240e-01 6.272254384044405606e-01
2.826432385118166080e-01 8.445376687721694031e-01 6.234665576346043458e-01
2.875503792569830130e-01 8.644334084574351040e-01 6.034274545036012460e-01
2.923732014067137452e-01 8.319119894612815314e-01 5.745209096286623129e-01
2.974952666855347760e-01 8.508332213047651305e-01 6.011852672382371754e-01
3.025732013669680809e-01 7.980928023351874234e-01 5.878914708504189290e-01
3.075143514540406020e-01 8.620403042915365521e-01 5.342387791511786777e-01
3.124966426471657011e-01 8.027472746962066585e-01 5.400512205641602170e-01
3.174072768953111190e-01 8.197153841938040753e-01 5.166921577648305730e-01
3.224348160175661282e-01 8.018785861923395375e-01 5.267963623004683349e-01
3.275598108276601694e-01 8.344583073374709503e-01 4.819097371131485508e-01
3.325990246228963110e-01 7.905365955269962885e-01 4.780851273838634397e-01
3.375370221613464561e-01 8.134185108084658333e-01 4.521952363752994586e-01
3.423908650875091553e-01 7.615287717848051585e-01 4.677332432777009941e-01
3.475243191869839543e-01 7.729641061266602220e-01 4.346789062378092483e-01
3.526204999699686371e-01 7.611730529646864030e-01 4.336079669390615621e-01
3.575124336588222929e-01 7.798097066593323579e-01 3.514584716982640522e-01
3.624529507249891758e-01 7.465820970446626070e-01 3.702109718363255086e-01
3.675498033998199077e-01 7.479819270424452604e-01 3.447265158375737992e-01
3.725565723788115124e-01 7.806192879895930137e-01 3.497188352944871070e-01
3.775251786629579276e-01 7.411886628038782954e-01 3.423158704205751524e-01
3.825444652793112965e-01 7.247733752549817554e-01 3.422421101191107096e-01
3.875508754889763208e-01 6.892939586615989267e-01 3.358553900619807853e-01
3.924682142798170958e-01 6.920584532467992656e-01 2.914695354417197182e-01
3.974941700298004754e-01 6.786889193508462981e-01 3.393918586785360514e-01
4.025866373866981984e-01 7.038318391003794972e-01 3.025099664283646961e-01
4.075887755798262013e-01 6.375151881620457761e-01 2.930379973800307791e-01
4.124387292400701899e-01 6.922619454987699594e-01 3.014897486464881982e-01
4.174253062056980657e-01 6.613879024139434071e-01 2.416494011834694478e-01
4.225546355249569785e-01 6.828123254787856755e-01 2.141682121427658514e-01
4.275452816423644387e-01 6.869594509756959955e-01 2.380370790963023675e-01
4.324870259514822513e-01 6.382310699630697748e-01 2.562374944805870247e-01
4.374941021952427067e-01 6.082863906205840943e-01 2.376534635157176445e-01
4.424580192915391619e-01 6.693830861928596887e-01 2.272354337234062105e-01
4.474873585360391037e-01 6.357463977492969764e-01 2.059712263337696581e-01
4.525427790726901378e-01 5.852356773697429126e-01 2.308164189510692743e-01
4.575593464439344782e-01 5.882628037621978612e-01 1.907612652689722188e-01
4.625082838588746026e-01 5.938260553479404180e-01 1.669194006937100294e-01
4.674851712490562528e-01 5.781633049265628710e-01 1.690616768485432575e-01
4.725601238591832232e-01 5.693917201439060438e-01 1.528767808189245847e-01
4.775950511331215620e-01 5.466915574256933086e-01 1.460595079631907822e-01
4.825206461098862643e-01 5.605289985834063238e-01 1.492838917333904614e-01
4.874402719946088758e-01 5.585646657999439046e-01 1.636654499043934397e-01
4.925200592223242801e-01 5.313954219768259879e-01 1.412854688615193810e-01
4.975365839949369429e-01 5.545562580945359032e-01 1.425178342977470869e-01
5.025037984965704529e-01 5.408783177532210384e-01 1.341273959304004615e-01
5.075572147114322252e-01 5.557137614805978121e-01 1.334840409986630394e-01
5.125228407051584112e-01 5.223163584910547330e-01 1.516896552637659046e-01
5.174458511383320802e-01 5.085247124125688023e-01 1.227003704769866477e-01
5.224853814923644535e-01 4.834306665019079685e-01 1.123123437265279578e-01
5.275609551402401509e-01 5.004492201132235696e-01 1.092356122200979357e-01
5.325420008272679917e-01 4.455536085486193065e-01 1.083964226702927719e-01
5.374675898959762055e-01 4.859189812743351933e-01 7.912867299602971416e-02
5.425177179641491598e-01 4.679410143019431811e-01 9.563863424605872909e-02
5.475863309874955398e-01 4.559067705622996125e-01 6.780123082778943822e-02
5.525582752687024923e-01 4.756452454622361881e-01 9.671702294898518182e-02
5.574804428102063669e-01 4.801751459130803590e-01 1.001646833945828846e-01
5.625139044293676616e-01 4.016891872472643787e-01 1.182356234894963443e-01
5.675041312924480330e-01 4.354902710611445182e-01 7.116460195294145585e-02
5.724970027042484144e-01 4.356508696189466678e-01 8.298058206395353409e-02
5.775357342201695721e-01 3.952145886419612397e-01 7.549782569699975410e-02
5.824921194047679718e-01 4.466528047709246718e-01 7.994267575846719653e-02
5.873923130614447929e-01 4.078077454257825751e-01 1.031245233443417314e-01
5.924653629231656504e-01 3.990486120226013900e-01 4.473710736329814669e-02
5.975679196835719242e-01 3.960831328931088136e-01 4.700784317713838784e-02
6.025605786437938649e-01 3.793631213762612697e-01 7.264086733055695466e-02
6.074636804380586508e-01 3.938900493266535574e-01 6.871454780292891862e-02
6.124551004112357422e-01 3.818748237488898689e-01 3.965980923308094763e-02
6.175199954051294737e-01 4.205667861056950896e-01 2.971863763175924128e-02
6.224915962426643690e-01 3.630736931300626580e-01 2.931215043901878176e-02
6.274915557171136804e-01 2.919965453979730396e-01 5.502395414880788260e-02
6.325034887796818772e-01 3.736192518405710983e-01 3.824069208406282588e-02
6.374674518004223023e-01 3.422602367191160955e-01 3.160951204907345297e-02
6.424993050208196443e-01 2.811662176420609560e-01 5.256722547223439956e-02
6.475698107053261543e-01 3.215916000529188690e-01 4.992143062806535941e-02
6.525659580633673684e-01 3.156210340573790685e-01 -3.548450894343048272e-03
6.574593256037588596e-01 3.193846592747425217e-01 5.469046357539090325e-02
6.624271988612899786e-01 3.255406046914250950e-01 2.692977630277592141e-02
6.675417019271585595e-01 3.066731487326629924e-01 3.581774010431852673e-02
6.725772533782964357e-01 2.640531125096841070e-01 3.263309001398187470e-02
6.774730984886959684e-01 2.838147242072845966e-01 1.941288572081782335e-03
6.824530178335233011e-01 3.028651040883107992e-01 4.192341802723675154e-02
6.875280661592433340e-01 2.668828625191111414e-01 6.040478344991953574e-02
6.925230179389753049e-01 3.068035093770645205e-01 3.912714362177621003e-02
6.975295769925410339e-01 2.567655030719597775e-01 1.111322018010005991e-02
7.025568770724331946e-01 2.435415674855383183e-01 2.278901062561059301e-02
7.074922850739089331e-01 2.353035208300677528e-01 3.599797634535188001e-02
7.124622482418867531e-01 2.600890044564993508e-01 1.982664327049310157e-02
7.175452271531412851e-01 2.227918460153585911e-01 2.638483151583758193e-02
7.225717784613484573e-01 2.358950226041451048e-01 1.733031745694185721e-02
7.275089624579016423e-01 2.400697782193904062e-01 3.693414742686455202e-03
7.324600466513193631e-01 2.554915265643097899e-01 3.487152009544243481e-02
7.375197398421006190e-01 2.186685594705724822e-01 5.426179501933278519e-03
7.425451223097148112e-01 2.562831807444240773e-01 -4.951469749012885578e-03
7.474842697394677993e-01 1.695122828598703835e-01 3.015170453725559904e-02
7.524852851764070039e-01 2.035145307798129910e-01 -1.379000104763579340e-03
7.575207617909872626e-01 2.111277906423400519e-01 2.824485480299217602e-02
7.624899512647149713e-01 2.176841875593397979e-01 -9.119341660375169037e-03
7.674945370763794905e-01 1.898821120780022909e-01 4.942987716636897816e-02
7.725794383408772781e-01 1.902512937961228223e-01 -5.943409104246860468e-03
7.775418725495999439e-01 1.512979111934923682e-01 -7.292330992547261040e-03
7.824517841248074257e-01 1.629626869888370078e-01 -6.969262644975914196e-03
7.874633419998022799e-01 2.080910919424215078e-01 -6.503757032060213192e-04
7.925074945210605071e-01 1.541493419946519394e-01 1.236581897294403848e-02
7.975320939675887288e-01 2.240670942280816869e-01 2.282949725764192583e-02
8.025077203392373404e-01 1.488014304653887399e-01 2.308111714746549550e-03
8.075165978041417558e-01 1.531338815966936107e-01 1.795922640783680774e-02
8.125398262220836498e-01 1.446738723400955162e-01 6.289192100012356776e-03
8.174920854857439245e-01 1.563953389384220571e-01 -1.953514683048464262e-02
8.225112352578536346e-01 1.743797894816882521e-01 2.603028075730129051e-02
8.275561555342915154e-01 1.245566876346374113e-01 1.327074222987415300e-02
8.324952800697255073e-01 1.594005417957885529e-01 -2.003603725509967015e-02
8.374585586194417397e-01 9.979000733580857541e-02 1.685991783976162339e-02
8.425409302494435426e-01 1.373066312624992291e-01 2.634641181749136987e-02
8.475526048196360129e-01 1.283422079915260972e-01 1.748936470390946227e-02
8.524865202798559416e-01 1.087539294507919307e-01 1.134093562554176413e-02
8.574810042038077951e-01 1.278993013040715110e-01 1.163953291312607623e-03
8.625274263089646176e-01 1.275464663030870249e-01 3.129927164748954466e-02
8.675245284508311672e-01 1.324006743064752578e-01 1.698319235713847269e-02
8.724893182407091885e-01 1.253970585078795219e-01 -3.104188059324944349e-02
8.774721006880088492e-01 1.031331611360176981e-01 -5.879581854468410133e-03
8.824781156447413233e-01 9.135731331374884190e-02 -4.244816540335363125e-02
8.874595540954569595e-01 9.237384501133245884e-02 -6.335315139633891646e-02
8.924946553517479897e-01 1.085096081333443985e-01 6.993806282534739509e-03
8.975478380653373334e-01 1.112032744212778645e-01 -2.708261541987160709e-02
9.025072192470299237e-01 6.905040056097890011e-02 2.845687658420203298e-02
9.074647804047671906e-01 1.026638786139089099e-01 5.557126041355902116e-03
9.125276216389043293e-01 6.314779695334488130e-02 3.000480449316102541e-02
9.175654489314823969e-01 1.107872231440978489e-01 -4.451518944615644180e-03
9.225040210196280288e-01 1.038388730824098688e-01 -7.232529562535922052e-03
9.274649349345547300e-01 6.265608910574392565e-02 7.187811027804877871e-03
9.324868719712484655e-01 1.300769818226287511e-01 2.337663495914385839e-02
9.375016110539382552e-01 7.564781153097606403e-02 1.272210047748123345e-02
9.424716917071948030e-01 8.779479047818272708e-02 3.478834263451563609e-03
9.474990761212710444e-01 8.936780969265835373e-02 2.586952740273513497e-03
9.525075911681692986e-01 8.406171794457789614e-02 2.447214633471369097e-02
9.574675710595634825e-01 9.715242130231269146e-02 -6.241349327019682369e-03
9.624903057428336739e-01 6.260184959843770325e-02 6.811858019811344034e-03
9.675364381832723959e-01 7.752148198648110833e-02 1.492968656058983601e-02
9.724990590816093849e-01 3.681197119559430353e-02 1.015124617633607167e-02
9.774623181229004087e-01 8.740979509120001822e-02 -1.483203637715561733e-02
9.824997772572167110e-01 8.667494595484820374e-02 2.108066390821401737e-03
9.875545656100468417e-01 7.730228928553817269e-02 -2.687677494565489118e-03
9.925346890080131157e-01 6.493851186019805599e-02 6.342628447873208467e-03
9.975070331244173527e-01 4.002954783191283589e-02 -2.162803161879170780e-02
1.002498770764472802e+00 5.646524469000551577e-02 -1.326053647939492638e-02
1.007506200378980088e+00 6.814705711551025114e-02 -8.749431456540888649e-03
1.012495559833831660e+00 5.101639041144027942e-02 2.854420361777244754e-03
1.017503908866539408e+00 6.582039426521199554e-02 2.666088839090739217e-03
1.022514394396538462e+00 5.237965162137964842e-02 -4.412692377065963872e-02
1.027473577884819855e+00 5.136668336980898530e-02 -9.929380036373242763e-03
1.032488007762135895e+00 9.341316510335047341e-02 -1.159258908602324792e-02
1.037540910373357050e+00 3.587557266603023931e-02 -3.545501539734382396e-02
1.042524992865205613e+00 8.909843823220145453e-02 1.850739015552554240e-02
1.047496448742833319e+00 8.152383061930744412e-02 -1.290029216846548879e-02
1.052489723011072353e+00 5.192994080449145344e-02 -3.230531271728511594e-02
1.057529570581920098e+00 -2.089874696354469125e-03 3.192876867999131646e-03
1.062518130822190932e+00 6.380116908148028565e-02 -2.587999434072736638e-03
1.067492553025169988e+00 3.165210738466459756e-02 -3.662923948179894890e-02
1.072514417404221376e+00 5.888618055574314225e-02 2.098305624867890379e-02
1.077496685713146496e+00 6.907496298245376087e-02 6.774127345489257442e-03
1.082487844389595777e+00 3.342198719867982282e-02 -4.976998241657778696e-03
1.087517338614010676e+00 3.511829506245323779e-02 -1.584831013841155392e-02
1.092548835994813006e+00 4.476713531797180817e-02 -1.734319281720893974e-02
1.097497870010857079e+00 -1.790915358688780976e-02 -2.657190161195425310e-03
1.102442234435279556e+00 1.359103852899453541e-02 -3.380062299587312247e-02
1.107498110094682131e+00 4.503139273577720647e-02 -1.426486980143632649e-02
1.112540105583508687e+00 -2.074085934547780993e-02 -1.352964316189435648e-02
1.117505892961435432e+00 5.819004309762913080e-02 3.694963103243383701e-02
1.122505655337368458e+00 3.391886637683114852e-02 -1.173707547556493078e-02
1.127503215581863394e+00 3.655067238345448277e-02 -2.598357392225368948e-02
1.132494129764635371e+00 1.761451956769746058e-02 9.175699029588112177e-03
1.137497256809587798e+00 1.250086987050993449e-02 -1.822768671134258195e-02
1.142527052399778142e+00 2.246691967426362943e-02 -7.573270448636057126e-03
1.147507445986783559e+00 3.976732389849342575e-02 -2.473323166804065887e-02
1.152458228647123883e+00 4.295704500508260026e-02 -7.084162724876313239e-03
1.157471264758792362e+00 -2.183366724497272024e-02 -9.192105826579066372e-03
1.162519315116649077e+00 1.128655988173513265e-02 -4.462323582318872620e-04
1.167507685974803922e+00 5.360245085266999651e-03 -1.203375434526057081e-02
1.172483817401771544e+00 1.456589966224979688e-02 2.214624206489688996e-02
1.177500953150747431e+00 5.216503812890331548e-02 3.175583739853819060e-02
1.182513264825158172e+00 -4.945427287774657905e-03 2.555191712939369059e-02
1.187500052400491501e+00 1.310845607056061735e-02 -3.163471298388284298e-03
1.192500809460080191e+00 3.196097848676468511e-02 5.168659445186692993e-03
1.197494514228965690e+00 5.553360089878865008e-03 1.475563782848587392e-02
1.202491163223595061e+00 7.079392010116902431e-04 1.134966010031422494e-02
1.207496819733679727e+00 3.372190549046551883e-02 -1.003297310052810032e-02
1.212518833360494597e+00 2.631210297717249957e-02 -1.976752250266217061e-03
1.217514647803850547e+00 5.286028977863085204e-02 -8.817921837909994259e-03
1.222474992944385663e+00 -4.261189616894132427e-03 -3.228393263752801778e-02
1.227492317396823962e+00 5.876402117468051967e-03 -3.135193166092729855e-02
1.232534837036345365e+00 4.253335066135695286e-02 -1.022790000665693396e-03
1.237528277128428611e+00 3.796502414861023522e-02 1.528726594650802774e-03
1.242488688180570788e+00 -2.946773179171830945e-02 2.100522238732726102e-02
1.247490006978946964e+00 1.239259956548287994e-02 -4.643278109954725869e-02
1.252504806360081879e+00 2.533274031155726205e-02 3.052912896848522864e-02
1.257500192399624295e+00 -4.146015191520029813e-02 -1.168716458115885877e-02
1.262515137146281941e+00 6.130202772917846439e-03 2.028092605408843285e-02
1.267534320784527546e+00 -1.094843697868085573e-02 4.825671302853957317e-02
1.272505085023767135e+00 2.040254769248259735e-03 -1.031318292032678240e-02
1.277504009787307382e+00 2.878837108593967561e-02 7.773188392304839975e-03
1.282539679173874791e+00 7.821029936966586091e-03 3.866335671514133793e-02
1.287540449305639489e+00 4.009292082476537816e-02 -3.258971509712731141e-02
1.292476777621742956e+00 1.597919541217493120e-02 -1.731481908809920714e-02
1.297469074021373237e+00 -1.953051931757178103e-02 -7.252728071626385331e-03
1.302519494298144398e+00 1.549034345025002493e-02 -1.255584092709263744e-02
1.307535772694660370e+00 -1.762622543460160007e-02 3.715862732802442756e-03
1.312496027196192294e+00 -1.889925636146878645e-03 -7.319243506036339150e-03
1.317486540505191206e+00 1.771625848831231628e-02 -2.047211760796842014e-02
1.322510300058140409e+00 4.180619467793102867e-02 -3.313650892560381783e-02
1.327502261686310137e+00 7.546112934922220156e-03 -3.293201124116314216e-02
1.332489506615674113e+00 9.927620220755894315e-03 2.080178555491569298e-02
1.337522470453180068e+00 -1.753112559877814322e-02 -1.601686347319787943e-02
1.342514091668604470e+00 4.676904307793316833e-03 1.144188011133007513e-02
1.347482631657350938e+00 9.208048133613434480e-03 8.883538786366277501e-03
1.352513692146456670e+00 -3.098755133756950567e-02 -1.858939055772508564e-02
1.357533627830272982e+00 1.106362850793177503e-03 1.972541912771558908e-02
1.362503586022334900e+00 -3.782328282516724156e-03 2.180100701232447896e-02
1.367490843640743581e+00 -2.243794177239240642e-02 1.290633559872680393e-02
1.372511269604600681e+00 -2.676248613100264823e-02 2.996737230831088283e-02
1.377512663824161265e+00 7.899384067479756771e-03 1.190347911499202611e-02
1.382486813688863947e+00 -2.838943669968643432e-02 3.533097713254922372e-03
1.387495889226808110e+00 -1.471065881540796830e-02 2.141912636741288151e-02
1.392505456282616239e+00 1.275126972519466037e-02 -1.579666982366249167e-02
1.397484791046613273e+00 -3.592380125357642895e-02 2.208533951291776973e-02
1.402490176143483813e+00 9.474151787573315909e-04 -1.318684180565094129e-02
1.407531815581354984e+00 5.439499086968795430e-03 -4.000686108799057089e-02
1.412523090059538911e+00 2.123534259635268331e-02 -5.550378746928433249e-02
1.417470237585527482e+00 8.817905897484274195e-04 -2.650403927233970641e-02
1.422481446964255047e+00 2.204745463091154541e-03 -4.082849149085036877e-02
1.427522490986277370e+00 -2.525447251252653860e-02 -2.088709632236409111e-02
1.432506773248589660e+00 -5.692549541465304758e-03 1.430569782443761630e-02
1.437482152676767155e+00 -7.340937915801512385e-03 1.872001401879834145e-02
1.442510296161722216e+00 1.428565418160256985e-02 2.218256792294089411e-02
1.447501085436458279e+00 -2.060235788266358975e-02 9.641790083894834565e-03
1.452484542592274330e+00 -2.800574769599423197e-02 -1.134781648337894466e-02
1.457523527930187912e+00 3.961256089296392134e-03 -1.232411097901464810e-02
1.462527692555643855e+00 -3.398455738513567193e-02 -1.464463964237533271e-02
1.467470865250338319e+00 4.263319365442291842e-02 -5.616685906290681124e-03
1.472475366460550106e+00 5.466177837511605048e-02 1.944084403986488102e-02
1.477526472524137047e+00 2.137031325718569477e-02 2.476923310998515107e-02
1.482538893305022087e+00 1.780332328384351750e-02 -1.688805333970097924e-02
1.487497515469307308e+00 6.286200108781969664e-02 -3.292624834455126770e-02
1.492483525866932004e+00 1.397724305630793952e-02 -1.363284215775617536e-02
1.497515867534237932e+00 -2.287497208246783847e-02 5.929833449895967291e-04
1.502515344543103648e+00 -1.184418397970774840e-02 -6.414876260563705072e-03
1.507507468528652250e+00 -1.389479192145247864e-02 -4.430967742628190778e-03
1.512513902105389718e+00 -3.078848850010911312e-02 -1.200560540255400481e-02
1.517496481001598951e+00 4.508088687436685726e-02 -2.066935016799036420e-02
1.522484644024807876e+00 1.157098270620341048e-02 1.328489180781530256e-02
1.527504855990671206e+00 5.420827572808396659e-03 -3.023422980835146698e-02
1.532531147839254482e+00 -3.686147914185848584e-02 2.590971952242510090e-02
1.537494635973614576e+00 -2.743841631517945218e-02 6.850378229251762388e-03
1.542468949914497678e+00 8.687867876428121208e-03 -2.251794926561299579e-02
1.547521714506478130e+00 -2.672700497463024842e-03 9.136663297573083958e-03
1.552522707395029844e+00 -1.526923581651042604e-02 1.655131986476684677e-02
1.557491615039481969e+00 -9.898192110941476593e-03 3.332850682855583585e-02
1.562487101382902699e+00 5.383227900054902981e-03 -6.924541365462623041e-03
1.567499036092217191e+00 2.839578890153832136e-02 -1.087974912985899961e-02
1.572506495183822350e+00 1.517681657726034118e-03 -4.661353603644943083e-02
1.577504454097702347e+00 4.121251212099980195e-03 -1.924024764973010504e-02
1.582531417734013068e+00 1.986309138950305420e-02 -2.906500786202989919e-02
1.587526479681066860e+00 1.312268711304969554e-02 3.353227093684223864e-02
1.592472073195351889e+00 -2.791755687081895129e-02 9.957499179214811258e-03
1.597494157760317446e+00 -2.175192243436745859e-02 3.260238035254148497e-03
1.602541434735287096e+00 -1.727691031378585096e-02 8.363735625652549480e-03
1.607518074269043806e+00 -2.100579435053462915e-04 -1.661751888473192960e-03
