# Propagator = cross power / initial power /(Gf*b) 
# Gf = 0.61207 
# b=1.4 
# 
# k 	 	 	 Propagator (mu=0.05) 	 Propagator (mu=0.95)
2.471820859247602503e-02 7.227450583761326763e-01 6.672203961511928849e-01
7.508140225840784221e-02 6.979522410645662145e-01 6.944557833052008577e-01
1.250608216865720934e-01 6.782374313891562645e-01 6.873692688476736867e-01
1.750057118433724912e-01 6.350130027234958119e-01 6.500117844171224846e-01
2.250239448718371060e-01 5.746731408918228645e-01 5.779470323900217643e-01
2.750065011570644868e-01 4.809016431558822413e-01 4.870049585625186861e-01
3.250037330267447344e-01 3.719795460822469813e-01 3.753743811389289031e-01
3.750275163873274531e-01 2.679875654863391743e-01 2.715539186350885981e-01
4.250065871553917463e-01 1.791010044883224461e-01 1.791810003397256990e-01
4.750268316938616731e-01 1.157905802686198804e-01 1.111383210463137566e-01
5.250189681358987670e-01 6.301515534101295724e-02 5.762071202816446136e-02
5.750007205798093324e-01 3.915754949450265393e-02 3.288290186821311162e-02
6.250022563164245870e-01 1.719866732991078354e-02 1.432556159960259728e-02
6.750078215246849700e-01 1.214635522343660533e-02 7.198991174399265065e-03
7.250146557003223080e-01 1.439837877547860134e-03 5.382964881080157249e-03
7.750066560812224337e-01 2.642769293708704600e-03 3.701452108235061579e-03
8.250170994401597735e-01 -1.399975323909043385e-03 -1.405217091094907063e-03
8.749961061329460943e-01 -1.997493580120272057e-03 5.237360783127395546e-04
9.249993277030019723e-01 1.931328334322111612e-03 -1.021768335283504891e-03
9.750059348358043332e-01 1.867065568356575996e-03 -1.875714405289005595e-04
1.025004277186871482e+00 -2.473799707086396862e-03 8.136381602599719511e-04
1.075009296956700000e+00 -8.304975622739144137e-04 3.981486781323542766e-04
1.125002109895492541e+00 -2.063337096492538075e-03 -1.060104808131147585e-03
1.174994990596458289e+00 -1.835839073569173890e-03 -3.593549314693395284e-04
1.225003058378711929e+00 -1.748081566711757670e-03 1.761983646298113503e-03
1.275008953162422243e+00 -1.868287069309975128e-04 -1.943348026715850793e-03
1.325005909683345084e+00 1.117731996107132388e-03 9.818715740156859408e-04
1.375003863331347498e+00 8.178802478443860421e-05 -1.066268122132529557e-03
1.425001956484397647e+00 3.400046342503972442e-04 -3.217682054637514811e-05
1.475004426948863134e+00 -4.107235365276532560e-05 -1.706361191067252937e-04
1.525003914442806696e+00 -2.494588890014848553e-03 1.633650790210039493e-03
1.575003553756190833e+00 -2.261394768494938597e-03 -3.519732269307492700e-05
