# Propagator = cross power / initial power /(Gf*b) 
# Gf = 0.61207 
# b=1.4 
# 
# k 	 	 	 Propagator (mu=0.05) 	 Propagator (mu=0.95)
2.471820859247602503e-02 6.618418623592104977e-01 6.170062806331509941e-01
7.508140225840784221e-02 6.464996265626529182e-01 6.467410398432054119e-01
1.250608216865720934e-01 6.492890108613690314e-01 6.507851944928209065e-01
1.750057118433724912e-01 6.362415850483813529e-01 6.456755985815305632e-01
2.250239448718371060e-01 6.313356723237577572e-01 6.266680891924351071e-01
2.750065011570644868e-01 6.093800890428332506e-01 6.077061955276679139e-01
3.250037330267447344e-01 5.733732404899901658e-01 5.760554903670552784e-01
3.750275163873274531e-01 5.398600667571717970e-01 5.394683186794361207e-01
4.250065871553917463e-01 4.933353990746191520e-01 4.939576821783006055e-01
4.750268316938616731e-01 4.455580901581856490e-01 4.414584342182108490e-01
5.250189681358987670e-01 3.949154218115523696e-01 3.909236920780189695e-01
5.750007205798093324e-01 3.417008156491513349e-01 3.372286674038061927e-01
6.250022563164245870e-01 2.882927841391599855e-01 2.903231697223421226e-01
6.750078215246849700e-01 2.457452174350922836e-01 2.401595175719536679e-01
7.250146557003223080e-01 1.986660686553818889e-01 1.953880066982600916e-01
7.750066560812224337e-01 1.631810404707862427e-01 1.556955077456486369e-01
8.250170994401597735e-01 1.238775995190148083e-01 1.205399024788782053e-01
8.749961061329460943e-01 9.712402649847669267e-02 9.201394525918002443e-02
9.249993277030019723e-01 7.164281260965568721e-02 6.707343107532710846e-02
9.750059348358043332e-01 4.862943371459277353e-02 4.682455675547501917e-02
1.025004277186871482e+00 3.332595928913240774e-02 2.741730893185719345e-02
1.075009296956700000e+00 1.992515847306896432e-02 1.598161023560145527e-02
1.125002109895492541e+00 1.057056905434985809e-02 9.654623554154452558e-03
1.174994990596458289e+00 3.944089733832424095e-03 3.770041805983316129e-03
1.225003058378711929e+00 1.727804524661577523e-03 -3.543906595531691548e-03
1.275008953162422243e+00 -3.050843180458322895e-03 -4.584658446176234983e-03
1.325005909683345084e+00 -5.921094931881037624e-03 -6.263159777340894692e-03
1.375003863331347498e+00 -4.797687853595125271e-03 -7.209618359383944582e-03
1.425001956484397647e+00 -5.256039532296371587e-03 -4.925345711815920687e-03
1.475004426948863134e+00 -4.944066600028927151e-03 -5.474508277370200918e-03
1.525003914442806696e+00 -5.296958653273477029e-03 -4.198534438198712852e-03
1.575003553756190833e+00 -5.752666747424734113e-03 -3.279651892946387585e-03
