# Propagator = cross power / initial power /(Gf*b) 
# Gf = 0.61207 
# b=1.4 
# 
# k 	 	 	 Propagator (mu=0.05) 	 Propagator (mu=0.95)
2.471820859247602503e-02 7.034369551517896113e-01 6.524556891143412640e-01
7.508140225840784221e-02 6.830923732663655157e-01 6.849368492356808780e-01
1.250608216865720934e-01 6.863352506779715201e-01 6.863815022202921501e-01
1.750057118433724912e-01 6.682003559039094709e-01 6.779315504837738482e-01
2.250239448718371060e-01 6.551327361940276761e-01 6.518185448208877464e-01
2.750065011570644868e-01 6.207420572642886603e-01 6.240459694660824841e-01
3.250037330267447344e-01 5.734654910908502101e-01 5.802996512791079864e-01
3.750275163873274531e-01 5.246285688364346056e-01 5.276632201741902062e-01
4.250065871553917463e-01 4.607931314511380938e-01 4.686338900776124694e-01
4.750268316938616731e-01 4.003231451117736928e-01 4.013054533219978515e-01
5.250189681358987670e-01 3.370335226613925816e-01 3.379096848856785740e-01
5.750007205798093324e-01 2.779161389343374200e-01 2.765335357484183798e-01
6.250022563164245870e-01 2.188399958233211151e-01 2.230220571024009169e-01
6.750078215246849700e-01 1.756928242098382831e-01 1.736928994130216841e-01
7.250146557003223080e-01 1.287051256054229653e-01 1.296063034150454207e-01
7.750066560812224337e-01 9.711558037977181812e-02 9.405216115480978523e-02
8.250170994401597735e-01 6.488833823063738793e-02 6.662543562515335638e-02
8.749961061329460943e-01 4.634830035575992352e-02 4.361283674161486879e-02
9.249993277030019723e-01 3.135357504961042152e-02 2.903097723867462468e-02
9.750059348358043332e-01 1.476504010081167509e-02 1.736248097716324573e-02
1.025004277186871482e+00 9.904639131973425048e-03 8.382576545675334001e-03
1.075009296956700000e+00 3.476459596973029923e-03 1.713701304872633198e-03
1.125002109895492541e+00 -1.309759880604525247e-03 -1.826064494784868531e-03
1.174994990596458289e+00 -4.414622115199223415e-03 -9.665960068175472725e-05
1.225003058378711929e+00 -4.494983278931827426e-03 -3.396833295439286027e-03
1.275008953162422243e+00 -4.588410050123635509e-03 -5.172815218161670899e-03
1.325005909683345084e+00 -2.869142141025941665e-03 -5.471851307992309406e-03
1.375003863331347498e+00 -4.790188065985724608e-03 -3.906008506652199237e-03
1.425001956484397647e+00 -2.255482310907728008e-03 -1.300001847009791579e-03
1.475004426948863134e+00 -7.155192623817011825e-04 -3.107073468334528728e-04
1.525003914442806696e+00 -1.584095673092645630e-03 -3.993470205900882981e-03
1.575003553756190833e+00 -7.685218185970699948e-04 -9.755067728706164716e-04
