# Propagator = cross power / initial power /(Gf*b) 
# Gf = 0.61207 
# b=1.4 
# 
# k 	 	 	 Propagator (mu=0.05) 	 Propagator (mu=0.95)
2.471820859247602503e-02 1.023728228737672552e+00 9.596109202501748037e-01
7.508140225840784221e-02 9.764902389595677690e-01 9.803673660930428690e-01
1.250608216865720934e-01 9.359275893432930093e-01 9.301017045007128337e-01
1.750057118433724912e-01 8.385354486267377894e-01 8.634023540518080964e-01
2.250239448718371060e-01 7.797322541731872558e-01 7.635883728756941435e-01
2.750065011570644868e-01 6.629028043297531259e-01 6.569833798353564847e-01
3.250037330267447344e-01 5.519763906044334867e-01 5.623385906168818504e-01
3.750275163873274531e-01 4.546691501547302505e-01 4.496972080654044190e-01
4.250065871553917463e-01 3.634278880518284072e-01 3.609752555963797183e-01
4.750268316938616731e-01 2.662454019174574915e-01 2.509791993568541435e-01
5.250189681358987670e-01 1.961815937220507955e-01 1.895166131388490716e-01
5.750007205798093324e-01 1.419135340614937901e-01 1.384974980656822063e-01
6.250022563164245870e-01 9.678056257504755178e-02 9.632949254991983457e-02
6.750078215246849700e-01 6.216241023832392437e-02 5.343072445595604958e-02
7.250146557003223080e-01 3.554303250120710578e-02 4.005840075936353134e-02
7.750066560812224337e-01 1.209255485569495255e-02 1.584414338893366109e-02
8.250170994401597735e-01 3.194108756627620990e-03 8.608409693336387461e-03
8.749961061329460943e-01 6.069458084413160287e-03 -7.273441772272519652e-03
9.249993277030019723e-01 9.365728796487450894e-03 -8.685030827735589105e-04
9.750059348358043332e-01 -5.133614606908101785e-03 5.339981203190619433e-04
1.025004277186871482e+00 1.634648255075683712e-03 -6.599724095379582225e-03
1.075009296956700000e+00 -3.321275867076094786e-03 -9.602388749179369479e-03
1.125002109895492541e+00 7.554287941062079632e-03 4.310142306431295582e-03
1.174994990596458289e+00 -5.700806801993454388e-03 -1.337793052720225723e-02
1.225003058378711929e+00 1.319805687516586914e-03 3.849984522795766619e-03
1.275008953162422243e+00 -6.352577084983108968e-03 -6.576402769576105388e-03
1.325005909683345084e+00 -1.546331967553404678e-02 9.054669206062355979e-03
1.375003863331347498e+00 1.916899789990924143e-03 -1.031688646943594839e-03
1.425001956484397647e+00 -8.080337958077199109e-03 -1.970213017990983442e-03
1.475004426948863134e+00 6.527510966157185762e-03 1.151625898900307358e-03
1.525003914442806696e+00 -8.911056602612382402e-03 -4.421163852346148178e-03
1.575003553756190833e+00 -1.105896879401551368e-02 -9.893569336586966259e-03
