# Propagator = cross power / initial power /(Gf*b) 
# Gf = 0.61207 
# b=1.4 
# 
# k 	 	 	 Propagator (mu=0.05) 	 Propagator (mu=0.95)
2.471820859247602503e-02 8.843891027652509562e-01 1.383985969781365677e+00
7.508140225840784221e-02 9.094479841126390518e-01 1.396820233267245248e+00
1.250608216865720934e-01 9.674894559315919684e-01 1.262436578298784084e+00
1.750057118433724912e-01 9.529571799055628345e-01 1.039329235877826330e+00
2.250239448718371060e-01 9.160157233057422133e-01 7.915047572026101541e-01
2.750065011570644868e-01 8.382173836514448251e-01 5.791281124182988682e-01
3.250037330267447344e-01 7.622726403226909309e-01 4.266643284945502712e-01
3.750275163873274531e-01 6.767061713940295542e-01 2.736023173204030212e-01
4.250065871553917463e-01 6.008050801436781718e-01 1.916622469839021903e-01
4.750268316938616731e-01 5.010626020995918584e-01 1.125797087918995326e-01
5.250189681358987670e-01 4.279990845651474585e-01 6.869098066795009672e-02
5.750007205798093324e-01 3.513330376849469472e-01 4.874594434541239252e-02
6.250022563164245870e-01 2.935341512438146561e-01 2.668567622817963336e-02
6.750078215246849700e-01 2.281205898390183395e-01 9.273313989116361775e-03
7.250146557003223080e-01 1.762363276938322676e-01 7.567296148607127737e-03
7.750066560812224337e-01 1.266082506324255896e-01 -7.824939926343009184e-04
8.250170994401597735e-01 1.041214095707335141e-01 7.490495726841491300e-03
8.749961061329460943e-01 7.614779210107391894e-02 -1.018484011819230026e-02
9.249993277030019723e-01 5.886007171995642079e-02 2.151155492785707286e-03
9.750059348358043332e-01 3.468841812486436055e-02 8.996493100016119890e-03
1.025004277186871482e+00 3.172411875065143938e-02 -9.344767900017102863e-03
1.075009296956700000e+00 1.378873048017599003e-02 4.370943382522878354e-03
1.125002109895492541e+00 4.637794925627374866e-03 -6.101090838149483830e-03
1.174994990596458289e+00 -3.196657445369025831e-03 -4.629186157038853687e-03
1.225003058378711929e+00 -3.832723313452683633e-03 -3.811398779311000410e-03
1.275008953162422243e+00 1.397021605383817235e-02 1.667939363526660824e-03
1.325005909683345084e+00 -6.812841403245063245e-03 1.977723878486668200e-03
1.375003863331347498e+00 -7.628118455790511808e-03 2.015495389532498665e-03
1.425001956484397647e+00 1.850493378112666107e-03 -3.528408367924942488e-03
1.475004426948863134e+00 2.007673665268100080e-02 -1.925290412343026985e-03
1.525003914442806696e+00 3.684794814844191170e-03 -1.034524680462730207e-03
1.575003553756190833e+00 -5.921062377444108460e-03 -5.111252070435289702e-03
