# Propagator = cross power / initial power /(Gf*b) 
# Gf = 0.61207 
# b=1.4 
# 
# k 	 	 	 Propagator (mu=0.05) 	 Propagator (mu=0.95)
2.471820859247602503e-02 1.015240653405236060e+00 1.507351365944303856e+00
7.508140225840784221e-02 9.904612868514655055e-01 1.480576743554957719e+00
1.250608216865720934e-01 9.976151533087099788e-01 1.332532057399134828e+00
1.750057118433724912e-01 9.674309651515664576e-01 1.117242921127115984e+00
2.250239448718371060e-01 9.380101105105959070e-01 8.790154150671566358e-01
2.750065011570644868e-01 8.789709882796152840e-01 6.699977613338943261e-01
3.250037330267447344e-01 8.071414492761277426e-01 5.057472929906349224e-01
3.750275163873274531e-01 7.365305336561626115e-01 3.521244045071633688e-01
4.250065871553917463e-01 6.627669323891224318e-01 2.538850538666763690e-01
4.750268316938616731e-01 5.677737030325019640e-01 1.668238531959064519e-01
5.250189681358987670e-01 4.985677594450792505e-01 1.128404550944805268e-01
5.750007205798093324e-01 4.286500336419097335e-01 8.286745746956578063e-02
6.250022563164245870e-01 3.566308879239414309e-01 4.704958326141344543e-02
6.750078215246849700e-01 2.956674926587951058e-01 2.992804554065933015e-02
7.250146557003223080e-01 2.343098127025944055e-01 1.940223022611251361e-02
7.750066560812224337e-01 1.916323972571530865e-01 8.170483495114597844e-03
8.250170994401597735e-01 1.431178315295286996e-01 8.521576536798036033e-03
8.749961061329460943e-01 1.131974712608736361e-01 -9.454848925090932749e-03
9.249993277030019723e-01 8.937276021917749114e-02 1.035606263185337959e-02
9.750059348358043332e-01 7.180232574331553430e-02 2.245588751322384266e-03
1.025004277186871482e+00 6.425333831097511383e-02 -1.119141940181315499e-02
1.075009296956700000e+00 3.713685004323186850e-02 -8.223819807949755978e-03
1.125002109895492541e+00 2.579245550394082889e-02 -1.038522748080868141e-02
1.174994990596458289e+00 1.498301606880086782e-02 6.504858837452311138e-03
1.225003058378711929e+00 1.805244040901646946e-02 -9.651848832645991416e-03
1.275008953162422243e+00 5.267891417204485609e-03 6.945943744436976902e-03
1.325005909683345084e+00 6.926791770723142276e-03 -7.913346961284397491e-03
1.375003863331347498e+00 -1.411678141831374661e-02 1.086230611324942932e-02
1.425001956484397647e+00 -1.282904284080817973e-03 -1.363673988548739710e-02
1.475004426948863134e+00 1.305288491666184089e-02 -6.240959842966859426e-03
1.525003914442806696e+00 -5.263707769155404580e-03 -4.155072385996568148e-03
1.575003553756190833e+00 -2.110377253251476462e-04 -1.571689245494045043e-03
