# Propagator = cross power / initial power /(Gf*b) 
# Gf = 0.61207 
# b=1.4 
# 
# k 	 	 	 Propagator (mu=0.05) 	 Propagator (mu=0.95)
2.471820859247602503e-02 1.017537024207806340e+00 1.005322936113668630e+00
7.508140225840784221e-02 9.953789980372816926e-01 1.203583924285105189e+00
1.250608216865720934e-01 1.005490303295831556e+00 1.273948700205127293e+00
1.750057118433724912e-01 9.789915359862251254e-01 1.160091865862508564e+00
2.250239448718371060e-01 9.602690996551740410e-01 9.476101676152851594e-01
2.750065011570644868e-01 9.076431787473084878e-01 7.551806292244894747e-01
3.250037330267447344e-01 8.497372691353902718e-01 5.889777807443129509e-01
3.750275163873274531e-01 7.917750410574683206e-01 4.409660066630809450e-01
4.250065871553917463e-01 7.243749462658642946e-01 3.343904640504415382e-01
4.750268316938616731e-01 6.346637263528180917e-01 2.445371465127177679e-01
5.250189681358987670e-01 5.690827829282868455e-01 1.738354710095460498e-01
5.750007205798093324e-01 4.985299257894417191e-01 1.312352680870306210e-01
6.250022563164245870e-01 4.264270169063469895e-01 8.425442167832586371e-02
6.750078215246849700e-01 3.695261182166360014e-01 6.496176163159703143e-02
7.250146557003223080e-01 3.087186849996150784e-01 4.429703458082599049e-02
7.750066560812224337e-01 2.514178696879773023e-01 3.569985498082021286e-02
8.250170994401597735e-01 2.087797290667429140e-01 1.960745658108876618e-02
8.749961061329460943e-01 1.614619751871433084e-01 -2.477217353091069277e-03
9.249993277030019723e-01 1.378586683179671146e-01 4.181371776748201048e-03
9.750059348358043332e-01 1.156709282637776032e-01 4.496651746254180793e-03
1.025004277186871482e+00 9.084070345015646253e-02 4.021238061484368707e-03
1.075009296956700000e+00 6.799279200955896107e-02 2.283613887075104220e-03
1.125002109895492541e+00 6.196157920966893773e-02 -2.680504128706785467e-04
1.174994990596458289e+00 3.037422625096545745e-02 5.935874799056310540e-03
1.225003058378711929e+00 3.208203927491738022e-02 -4.352108759739206265e-04
1.275008953162422243e+00 2.391913004724161712e-02 6.899942404245820032e-03
1.325005909683345084e+00 1.239850651019938806e-02 -7.948666492421270491e-03
1.375003863331347498e+00 -7.274730235557039237e-03 -2.800831632381298522e-03
1.425001956484397647e+00 6.518702568636145465e-03 -6.745594167367322848e-04
1.475004426948863134e+00 5.445004453080699511e-03 -2.486065547809302671e-03
1.525003914442806696e+00 7.255949009820046071e-03 -6.004079969418037004e-03
1.575003553756190833e+00 4.083994313345673706e-03 -6.502708452341703430e-03
