# Propagator = cross power / initial power /(Gf*b) 
# Gf = 0.61207 
# b=1.4 
# 
# k 	 	 	 Propagator (mu=0.05) 	 Propagator (mu=0.95)
2.471820859247602503e-02 1.017537043544719744e+00 1.513716165507733358e+00
7.508140225840784221e-02 9.966049251490662897e-01 1.496325960033612512e+00
1.250608216865720934e-01 1.005772059212082237e+00 1.369661590550342423e+00
1.750057118433724912e-01 9.790545652117441655e-01 1.182010502176322309e+00
2.250239448718371060e-01 9.602874139910404505e-01 9.525449819467717294e-01
2.750065011570644868e-01 9.076441278756181008e-01 7.560878891991454909e-01
3.250037330267447344e-01 8.497391679405065235e-01 5.891972260230144975e-01
3.750275163873274531e-01 7.917755600620542955e-01 4.410145696339688448e-01
4.250065871553917463e-01 7.243734040849105771e-01 3.343999045244263613e-01
4.750268316938616731e-01 6.346652432840179658e-01 2.444983582208424266e-01
5.250189681358987670e-01 5.690825190422517110e-01 1.738122931107466684e-01
5.750007205798093324e-01 4.985277174894418017e-01 1.313359706788466141e-01
6.250022563164245870e-01 4.264200366968197708e-01 8.424838939543281835e-02
6.750078215246849700e-01 3.695269684301216717e-01 6.497528100874662427e-02
7.250146557003223080e-01 3.087240570445749510e-01 4.424320830444480185e-02
7.750066560812224337e-01 2.514225315014202988e-01 3.567050534352626118e-02
8.250170994401597735e-01 2.087745748279984936e-01 1.962919999222021566e-02
8.749961061329460943e-01 1.614606604425448677e-01 -2.482411811874013670e-03
9.249993277030019723e-01 1.378564921503799834e-01 4.208703027708106045e-03
9.750059348358043332e-01 1.156727946065490426e-01 4.672276027465071396e-03
1.025004277186871482e+00 9.084451519894452820e-02 4.086271139600202752e-03
1.075009296956700000e+00 6.797225590696841235e-02 2.134710566576310774e-03
1.125002109895492541e+00 6.196872361018211650e-02 -2.657842478346696992e-04
1.174994990596458289e+00 3.037473838694015882e-02 5.901476781921107841e-03
1.225003058378711929e+00 3.208066971611757412e-02 -2.385860589515854436e-04
1.275008953162422243e+00 2.393046121715672672e-02 6.883695121775085246e-03
1.325005909683345084e+00 1.239478372935819486e-02 -7.898151161826285835e-03
1.375003863331347498e+00 -7.274135021168873227e-03 -2.648242341350686736e-03
1.425001956484397647e+00 6.529319572328357024e-03 -7.584076184427395156e-04
1.475004426948863134e+00 5.448380711353582005e-03 -2.475451561253033672e-03
1.525003914442806696e+00 7.257098237243969283e-03 -5.945853036126028460e-03
1.575003553756190833e+00 4.087811753555172477e-03 -6.585439930550212630e-03
