# Propagator = cross power / initial power /(Gf*b) 
# Gf = 0.61207 
# b=1.4 
# 
# k 	 	 	 Propagator (mu=0.05) 	 Propagator (mu=0.95)
2.471820859247602503e-02 1.005407130988988484e+00 1.493637715525262255e+00
7.508140225840784221e-02 9.784624588903606535e-01 1.479843852834510809e+00
1.250608216865720934e-01 9.965614962049976766e-01 1.385885432762377523e+00
1.750057118433724912e-01 9.957168442158691457e-01 1.226349485954159491e+00
2.250239448718371060e-01 9.739306163363822266e-01 1.018624823320952943e+00
2.750065011570644868e-01 9.196653771890824780e-01 8.218465785298068038e-01
3.250037330267447344e-01 8.550567341465252769e-01 6.494439458321387137e-01
3.750275163873274531e-01 7.957318459646979258e-01 5.052963970339202637e-01
4.250065871553917463e-01 7.108177776589480468e-01 3.949723153167205014e-01
4.750268316938616731e-01 6.363686536340781297e-01 2.990578739680575526e-01
5.250189681358987670e-01 5.755481306507400641e-01 2.233661693527577985e-01
5.750007205798093324e-01 4.892490712560433330e-01 1.792451285921025372e-01
6.250022563164245870e-01 4.239953145011659541e-01 1.225478527027208941e-01
6.750078215246849700e-01 3.649824088333964989e-01 9.157327143257056046e-02
7.250146557003223080e-01 3.095904752575424079e-01 6.485174899172541085e-02
7.750066560812224337e-01 2.549622041432356712e-01 5.394304627108972849e-02
8.250170994401597735e-01 2.251016617572899892e-01 3.377524794150676274e-02
8.749961061329460943e-01 1.729138232627683291e-01 9.900389465972431538e-03
9.249993277030019723e-01 1.488901455425172826e-01 1.157118030898555104e-02
9.750059348358043332e-01 1.191486155859748236e-01 4.783604481229342294e-03
1.025004277186871482e+00 9.258565675550593788e-02 1.860612273480145851e-02
1.075009296956700000e+00 8.021570106057022975e-02 -3.505465576955085413e-03
1.125002109895492541e+00 6.954517714820543373e-02 -4.560646381007490979e-03
1.174994990596458289e+00 5.045255353045182550e-02 3.170840881740309963e-03
1.225003058378711929e+00 4.290013762825854726e-02 -1.353854902431970465e-02
1.275008953162422243e+00 3.230394916744712408e-02 1.617346754884281881e-02
1.325005909683345084e+00 1.384236332541467253e-02 1.905585458326849134e-03
1.375003863331347498e+00 1.868406750363285976e-02 -5.753357297215792518e-03
1.425001956484397647e+00 2.143859833741684762e-02 -1.111474349823775515e-03
1.475004426948863134e+00 1.752027547093817222e-02 -3.055825603002576118e-03
1.525003914442806696e+00 -1.398205524226048442e-03 -1.324785854859016239e-03
1.575003553756190833e+00 6.184204972598097115e-03 -1.211942634879276462e-02
