# Propagator = cross power / initial power /(Gf*b) 
# Gf = 0.61207 
# b=1.4 
# 
# k 	 	 	 Propagator (mu=0.05) 	 Propagator (mu=0.95)
2.471820859247602503e-02 1.018323757271550667e+00 9.555725041672730180e-01
7.508140225840784221e-02 9.578388431070452569e-01 9.563729769616767795e-01
1.250608216865720934e-01 9.105454605745091357e-01 9.111962919478070466e-01
1.750057118433724912e-01 8.491070070641953960e-01 8.519041922526977562e-01
2.250239448718371060e-01 7.712181516837770534e-01 7.672776493507007523e-01
2.750065011570644868e-01 6.894207396962142020e-01 6.869946872788447179e-01
3.250037330267447344e-01 5.937513289570091057e-01 5.985211903869454009e-01
3.750275163873274531e-01 5.112034614193105009e-01 5.101321478309334134e-01
4.250065871553917463e-01 4.162927771422338385e-01 4.188561742381336495e-01
4.750268316938616731e-01 3.369984037357768303e-01 3.350467489927760889e-01
5.250189681358987670e-01 2.572704205731453087e-01 2.579804262580393526e-01
5.750007205798093324e-01 1.909117533846954873e-01 1.945353760400168053e-01
6.250022563164245870e-01 1.377842513164622695e-01 1.411393276911210859e-01
6.750078215246849700e-01 9.189805052894488291e-02 9.180145354653761192e-02
7.250146557003223080e-01 5.877040957816972999e-02 6.092196129952846123e-02
7.750066560812224337e-01 3.468374949050207628e-02 3.690568370554486027e-02
8.250170994401597735e-01 2.096909569359312400e-02 1.988600429656942753e-02
8.749961061329460943e-01 1.006226551434513498e-02 1.226892839672894843e-02
9.249993277030019723e-01 5.067069589208212169e-03 5.780728694293786260e-03
9.750059348358043332e-01 2.753794480334699046e-03 3.160764962287576380e-03
1.025004277186871482e+00 2.746192648565418549e-03 2.002887308861851529e-03
1.075009296956700000e+00 6.666479038331949488e-04 1.483001275406465929e-03
1.125002109895492541e+00 9.770808347007889187e-04 -1.094557322168702865e-03
1.174994990596458289e+00 2.052482176894113077e-03 1.474873127552457121e-03
1.225003058378711929e+00 7.180406477343151623e-04 -8.727333845199175284e-04
1.275008953162422243e+00 1.109293868670378812e-03 -1.097996466224766864e-03
1.325005909683345084e+00 6.896852983318754170e-07 1.904768278039481238e-03
1.375003863331347498e+00 3.458013583941463016e-04 -7.061462925634604859e-06
1.425001956484397647e+00 8.527562683535746374e-05 1.702660677822071737e-04
1.475004426948863134e+00 3.482331409415918236e-04 -1.572824511783637289e-04
1.525003914442806696e+00 -3.270551348030102581e-04 -9.539682037568398762e-04
1.575003553756190833e+00 1.392270787299953669e-03 8.848392636601061208e-04
