# Propagator = cross power / initial power /(Gf*b) 
# Gf = 0.61207 
# b=1.4 
# 
# k 	 	 	 Propagator (mu=0.05) 	 Propagator (mu=0.95)
2.471820859247602503e-02 1.008264271972750148e+00 8.366157654051538106e-01
7.508140225840784221e-02 9.795694774974567087e-01 1.018376290832841091e+00
1.250608216865720934e-01 1.000382183874680919e+00 1.156711448927487673e+00
1.750057118433724912e-01 1.000143772157740196e+00 1.136233814393139196e+00
2.250239448718371060e-01 9.898939111513533895e-01 9.813119431399381920e-01
2.750065011570644868e-01 9.424761847423619443e-01 8.073696070245612866e-01
3.250037330267447344e-01 8.843554937475207600e-01 6.382988173586792158e-01
3.750275163873274531e-01 8.313450207144319482e-01 5.038023290021103051e-01
4.250065871553917463e-01 7.552881606593797592e-01 3.897258256430588541e-01
4.750268316938616731e-01 6.812974781252746359e-01 2.986796074665465373e-01
5.250189681358987670e-01 6.236528904806847295e-01 2.234448325568881566e-01
5.750007205798093324e-01 5.376096587990665254e-01 1.837136261452121944e-01
6.250022563164245870e-01 4.722104165672906806e-01 1.223873546632957415e-01
6.750078215246849700e-01 4.178881994488443108e-01 1.006084749053379884e-01
7.250146557003223080e-01 3.564619699537788233e-01 7.108152404934088564e-02
7.750066560812224337e-01 2.985873994187994707e-01 5.489923975715356452e-02
8.250170994401597735e-01 2.640418858644266731e-01 3.773710365192214922e-02
8.749961061329460943e-01 2.018022739786686226e-01 2.684005930953678454e-02
9.249993277030019723e-01 1.762657501779917035e-01 2.010788911001806095e-02
9.750059348358043332e-01 1.474643808272718126e-01 8.137254867070875183e-03
1.025004277186871482e+00 1.149920191538921499e-01 2.635973257831053171e-02
1.075009296956700000e+00 1.085241761176770209e-01 7.753011783499448237e-03
1.125002109895492541e+00 9.810149936875520171e-02 4.974366108512000631e-03
1.174994990596458289e+00 6.184406664022556316e-02 4.708694934187495837e-03
1.225003058378711929e+00 4.826711213648109816e-02 -3.461279929776612304e-03
1.275008953162422243e+00 3.535192534119376701e-02 9.310494577064079569e-03
1.325005909683345084e+00 2.159449456337222267e-02 6.265573571810702062e-03
1.375003863331347498e+00 2.387737487006690376e-02 -8.141792361496218286e-04
1.425001956484397647e+00 2.703119236894438102e-02 4.344431832481935978e-03
1.475004426948863134e+00 2.294399515947539644e-02 -6.335319964974425733e-03
1.525003914442806696e+00 4.832785978363965396e-03 1.228900739481485205e-02
1.575003553756190833e+00 1.166701989123136891e-02 -6.749063106562353150e-03
