# Propagator = cross power / initial power /(Gf*b) 
# Gf = 0.61207 
# b=1.4 
# 
# k 	 	 	 Propagator (mu=0.05) 	 Propagator (mu=0.95)
2.471820859247602503e-02 1.029003376768695466e+00 9.672662873544660700e-01
7.508140225840784221e-02 9.664402239639356962e-01 9.720433149215316204e-01
1.250608216865720934e-01 9.418273815846168739e-01 9.437761367405608226e-01
1.750057118433724912e-01 9.070704141746223081e-01 9.119147775631684105e-01
2.250239448718371060e-01 8.735334603227545847e-01 8.673994074263148280e-01
2.750065011570644868e-01 8.241826695902538802e-01 8.241367147879903321e-01
3.250037330267447344e-01 7.661280679449391506e-01 7.808046769967108558e-01
3.750275163873274531e-01 7.126715516082902102e-01 7.187359623509944617e-01
4.250065871553917463e-01 6.449130685863505574e-01 6.490688130482260565e-01
4.750268316938616731e-01 5.730676577480647849e-01 5.733885983731435987e-01
5.250189681358987670e-01 4.888970091931237327e-01 4.847608788903932098e-01
5.750007205798093324e-01 3.995695222096045107e-01 4.100107638762557349e-01
6.250022563164245870e-01 3.149832548184630654e-01 3.214635710613142905e-01
6.750078215246849700e-01 2.389882126224521508e-01 2.484711946392027526e-01
7.250146557003223080e-01 1.664989780777962058e-01 1.691185101995451856e-01
7.750066560812224337e-01 1.076949715526631657e-01 1.194805223683527151e-01
8.250170994401597735e-01 6.327669905744882917e-02 5.894522277261701748e-02
8.749961061329460943e-01 3.208512780305228240e-02 2.933315767587967027e-02
9.249993277030019723e-01 7.043518654516696398e-03 1.585168796272680078e-02
9.750059348358043332e-01 5.446375752214217608e-04 2.512653586887976694e-03
1.025004277186871482e+00 -1.138273475604615649e-02 -8.921593012379354717e-03
1.075009296956700000e+00 -1.251749984438203442e-02 2.144112290703146986e-03
1.125002109895492541e+00 -5.539696594775172026e-03 -3.584673378535591353e-03
1.174994990596458289e+00 -9.697701613354155203e-03 -1.018766809213302559e-02
1.225003058378711929e+00 -5.178477627753508804e-03 2.379958479764174729e-03
1.275008953162422243e+00 -3.334083259084792087e-03 -3.574989848538039951e-03
1.325005909683345084e+00 -4.863847941600261439e-03 1.485679565561751189e-04
1.375003863331347498e+00 5.508788261204363400e-03 -5.027310284961936104e-03
1.425001956484397647e+00 -1.385493329907361640e-02 -6.203835577382786105e-03
1.475004426948863134e+00 -3.475371328976881863e-03 2.734994220959332135e-03
1.525003914442806696e+00 -3.660309201684890622e-03 -1.483208321364120176e-03
1.575003553756190833e+00 1.326331251689285336e-03 6.001562984946529067e-03
